time,left_s0,left_s1,left_e0,left_e1,left_w0,left_w1,left_w2,left_gripper
0.000000,0.0766990393943,0.198650512031,-1.30733512648,1.06841761876,1.6463448806,1.21721375519,3.04341788316,96.1476745605
0.005000,0.0763155441973,0.198267016834,-1.30810211687,1.06880111396,1.6463448806,1.21759725038,3.04341788316,96.1476745605
0.010000,0.0763155441973,0.198267016834,-1.30810211687,1.06880111396,1.6463448806,1.21759725038,3.04341788316,96.1476745605
0.015000,0.0763155441973,0.198267016834,-1.30810211687,1.06880111396,1.6463448806,1.21759725038,3.04341788316,96.1476745605
0.020000,0.0759320490003,0.198650512031,-1.30695163128,1.06918460916,1.64672837579,1.21759725038,3.04303438797,96.1476745605
0.025000,0.0759320490003,0.198650512031,-1.30695163128,1.06918460916,1.64672837579,1.21759725038,3.04303438797,96.1476745605
0.030000,0.0759320490003,0.198650512031,-1.30695163128,1.06918460916,1.64672837579,1.21759725038,3.04303438797,96.1476745605
0.035000,0.0759320490003,0.198650512031,-1.30695163128,1.06918460916,1.64672837579,1.21759725038,3.04303438797,96.1476745605
0.040000,0.0759320490003,0.198650512031,-1.30695163128,1.06880111396,1.64672837579,1.21759725038,3.04380137836,96.1476745605
0.045000,0.0770825345912,0.198650512031,-1.30771862167,1.06841761876,1.64672837579,1.21721375519,3.04380137836,96.1476745605
0.050000,0.0766990393943,0.198267016834,-1.30771862167,1.06880111396,1.6463448806,1.21683025999,3.04303438797,96.1476745605
0.055000,0.0766990393943,0.198267016834,-1.30771862167,1.06880111396,1.6463448806,1.21683025999,3.04303438797,96.1476745605
0.060000,0.0766990393943,0.198267016834,-1.30771862167,1.06880111396,1.6463448806,1.21683025999,3.04303438797,96.1476745605
0.065000,0.0766990393943,0.198267016834,-1.30771862167,1.06880111396,1.6463448806,1.21683025999,3.04303438797,96.1476745605
0.070000,0.0766990393943,0.198267016834,-1.30771862167,1.06880111396,1.6463448806,1.21683025999,3.04303438797,96.1476745605
0.075000,0.0755485538034,0.198267016834,-1.30733512648,1.06841761876,1.64749536619,1.2160632696,3.04303438797,96.1476745605
0.080000,0.0770825345912,0.198267016834,-1.30771862167,1.06765062837,1.64672837579,1.21683025999,3.04303438797,96.1476745605
0.085000,0.0770825345912,0.198267016834,-1.30771862167,1.06765062837,1.64672837579,1.21683025999,3.04303438797,96.1476745605
0.090000,0.0770825345912,0.198267016834,-1.30771862167,1.06765062837,1.64672837579,1.21683025999,3.04303438797,96.1476745605
0.095000,0.0770825345912,0.198267016834,-1.30771862167,1.06765062837,1.64672837579,1.21683025999,3.04303438797,96.1476745605
0.100000,0.0766990393943,0.198650512031,-1.30695163128,1.06841761876,1.64672837579,1.21721375519,3.04265089277,96.1476745605
0.105000,0.0766990393943,0.198650512031,-1.30695163128,1.06841761876,1.64672837579,1.21721375519,3.04265089277,96.1476745605
0.110000,0.0766990393943,0.198650512031,-1.30695163128,1.06841761876,1.64672837579,1.21721375519,3.04265089277,96.1476745605
0.115000,0.0766990393943,0.198650512031,-1.30695163128,1.06841761876,1.64672837579,1.21721375519,3.04265089277,96.1476745605
0.120000,0.0770825345912,0.197883521637,-1.30733512648,1.06765062837,1.6463448806,1.21721375519,3.04341788316,96.1476745605
0.125000,0.0763155441973,0.199034007228,-1.30733512648,1.06803412357,1.64672837579,1.21721375519,3.04341788316,96.1476745605
0.130000,0.0763155441973,0.199034007228,-1.30733512648,1.06803412357,1.64672837579,1.21721375519,3.04341788316,96.1476745605
0.135000,0.0766990393943,0.199034007228,-1.30810211687,1.06803412357,1.64672837579,1.21683025999,3.04341788316,96.1476745605
0.140000,0.0766990393943,0.199034007228,-1.30771862167,1.06841761876,1.64672837579,1.21721375519,3.04341788316,96.1476745605
0.145000,0.0763155441973,0.198267016834,-1.30695163128,1.06803412357,1.64711187099,1.21721375519,3.04303438797,96.1476745605
0.150000,0.0763155441973,0.198267016834,-1.30695163128,1.06803412357,1.64711187099,1.21721375519,3.04303438797,96.1476745605
0.155000,0.0763155441973,0.198267016834,-1.30695163128,1.06803412357,1.64711187099,1.21721375519,3.04303438797,96.1476745605
0.160000,0.0763155441973,0.198650512031,-1.30695163128,1.06841761876,1.64711187099,1.21721375519,3.04303438797,96.1476745605
0.165000,0.0763155441973,0.199417502425,-1.30733512648,1.06841761876,1.64672837579,1.21644676479,3.04341788316,96.1476745605
0.170000,0.0755485538034,0.198267016834,-1.30733512648,1.06803412357,1.64672837579,1.21759725038,3.04303438797,96.1476745605
0.175000,0.0755485538034,0.198267016834,-1.30733512648,1.06803412357,1.64672837579,1.21759725038,3.04303438797,96.1476745605
0.180000,0.0755485538034,0.198267016834,-1.30733512648,1.06803412357,1.64672837579,1.21759725038,3.04303438797,96.1476745605
0.185000,0.0755485538034,0.198650512031,-1.30733512648,1.06841761876,1.6463448806,1.21721375519,3.04341788316,96.1476745605
0.190000,0.0759320490003,0.198267016834,-1.30733512648,1.06841761876,1.64711187099,1.21759725038,3.04303438797,96.1476745605
0.195000,0.0759320490003,0.198267016834,-1.30733512648,1.06841761876,1.64711187099,1.21759725038,3.04303438797,96.1476745605
0.200000,0.0759320490003,0.198267016834,-1.30733512648,1.06841761876,1.64711187099,1.21759725038,3.04303438797,96.1476745605
0.205000,0.0759320490003,0.198267016834,-1.30733512648,1.06841761876,1.64711187099,1.21759725038,3.04303438797,96.1476745605
0.210000,0.0763155441973,0.199034007228,-1.30771862167,1.06765062837,1.64672837579,1.21683025999,3.04380137836,96.1476745605
0.215000,0.0759320490003,0.199034007228,-1.30771862167,1.06803412357,1.6463448806,1.21798074558,3.04380137836,96.1476745605
0.220000,0.0759320490003,0.199034007228,-1.30771862167,1.06803412357,1.6463448806,1.21798074558,3.04380137836,96.1476745605
0.225000,0.0759320490003,0.199034007228,-1.30771862167,1.06803412357,1.6463448806,1.21798074558,3.04380137836,96.1476745605
0.230000,0.0759320490003,0.198267016834,-1.30695163128,1.06880111396,1.64672837579,1.21721375519,3.04341788316,96.1476745605
0.235000,0.0759320490003,0.198267016834,-1.30695163128,1.06880111396,1.64672837579,1.21721375519,3.04341788316,96.1476745605
0.240000,0.0759320490003,0.198267016834,-1.30695163128,1.06880111396,1.64672837579,1.21721375519,3.04341788316,96.1476745605
0.245000,0.0755485538034,0.198650512031,-1.30771862167,1.06841761876,1.64711187099,1.21913123117,3.04226739757,96.1476745605
0.250000,0.0763155441973,0.198650512031,-1.30771862167,1.06765062837,1.6463448806,1.21874773597,3.04226739757,96.1476745605
0.255000,0.0763155441973,0.198650512031,-1.30771862167,1.06765062837,1.6463448806,1.21874773597,3.04226739757,96.1476745605
0.260000,0.0763155441973,0.198650512031,-1.30771862167,1.06765062837,1.6463448806,1.21874773597,3.04226739757,96.1476745605
0.265000,0.0763155441973,0.198650512031,-1.30771862167,1.06765062837,1.6463448806,1.21874773597,3.04226739757,96.1476745605
0.270000,0.0763155441973,0.198650512031,-1.30771862167,1.06765062837,1.6463448806,1.21874773597,3.04226739757,96.1476745605
0.275000,0.0763155441973,0.198650512031,-1.30771862167,1.06765062837,1.6463448806,1.21874773597,3.04226739757,96.1476745605
0.280000,0.0763155441973,0.198650512031,-1.30771862167,1.06765062837,1.6463448806,1.21874773597,3.04226739757,96.1476745605
0.285000,0.0759320490003,0.199417502425,-1.30695163128,1.06765062837,1.64711187099,1.21951472637,3.039199436,96.1476745605
0.290000,0.0755485538034,0.198650512031,-1.30695163128,1.06803412357,1.6463448806,1.21989822157,3.0388159408,96.1476745605
0.295000,0.0755485538034,0.198650512031,-1.30695163128,1.06803412357,1.6463448806,1.21989822157,3.0388159408,96.1476745605
0.300000,0.0755485538034,0.198650512031,-1.30695163128,1.06803412357,1.6463448806,1.21989822157,3.0388159408,96.1476745605
0.305000,0.0770825345912,0.197883521637,-1.30695163128,1.06765062837,1.64711187099,1.21951472637,3.03651496962,96.1476745605
0.310000,0.0759320490003,0.199417502425,-1.30618464088,1.06765062837,1.6463448806,1.21951472637,3.03536448403,96.1476745605
0.315000,0.0759320490003,0.199417502425,-1.30618464088,1.06765062837,1.6463448806,1.21951472637,3.03536448403,96.1476745605
0.320000,0.0759320490003,0.199417502425,-1.30618464088,1.06765062837,1.6463448806,1.21951472637,3.03536448403,96.1476745605
0.325000,0.0759320490003,0.199417502425,-1.30618464088,1.06765062837,1.6463448806,1.21951472637,3.03536448403,96.1476745605
0.330000,0.0759320490003,0.199417502425,-1.30618464088,1.06765062837,1.6463448806,1.21951472637,3.03536448403,96.1476745605
0.335000,0.0759320490003,0.198650512031,-1.30771862167,1.06726713317,1.64672837579,1.21951472637,3.02846157048,96.1476745605
0.340000,0.0763155441973,0.198650512031,-1.30733512648,1.06726713317,1.6459613854,1.21951472637,3.02769458009,96.1476745605
0.345000,0.0763155441973,0.198650512031,-1.30733512648,1.06726713317,1.6459613854,1.21951472637,3.02769458009,96.1476745605
0.350000,0.0763155441973,0.198650512031,-1.30733512648,1.06726713317,1.6459613854,1.21951472637,3.02769458009,96.1476745605
0.355000,0.0759320490003,0.197883521637,-1.30695163128,1.06611664758,1.64711187099,1.21913123117,3.02194215213,96.1476745605
0.360000,0.0751650586064,0.198650512031,-1.30656813608,1.06726713317,1.6463448806,1.21951472637,3.02002467615,96.1476745605
0.365000,0.0751650586064,0.198650512031,-1.30656813608,1.06726713317,1.6463448806,1.21951472637,3.02002467615,96.1476745605
0.370000,0.0751650586064,0.198650512031,-1.30656813608,1.06726713317,1.6463448806,1.21951472637,3.02002467615,96.1476745605
0.375000,0.0751650586064,0.198650512031,-1.30656813608,1.06726713317,1.6463448806,1.21951472637,3.02002467615,96.1476745605
0.380000,0.0755485538034,0.198267016834,-1.30695163128,1.06611664758,1.64672837579,1.21913123117,3.01810720016,96.1476745605
0.385000,0.0759320490003,0.198267016834,-1.30771862167,1.06611664758,1.6463448806,1.21951472637,3.00813632504,96.1476745605
0.390000,0.0759320490003,0.198650512031,-1.30695163128,1.06611664758,1.64711187099,1.21913123117,3.00545185866,96.1476745605
0.395000,0.0759320490003,0.198650512031,-1.30695163128,1.06611664758,1.64711187099,1.21913123117,3.00545185866,96.1476745605
0.400000,0.0759320490003,0.198650512031,-1.30695163128,1.06611664758,1.64711187099,1.21913123117,3.00545185866,96.1476745605
0.405000,0.0763155441973,0.198267016834,-1.30733512648,1.06573315238,1.64672837579,1.21951472637,2.99586447874,96.1476745605
0.410000,0.0763155441973,0.19750002644,-1.30771862167,1.06534965719,1.6463448806,1.21989822157,2.99241302197,96.1476745605
0.415000,0.0755485538034,0.198267016834,-1.30733512648,1.06573315238,1.64672837579,1.21989822157,2.98896156519,96.1476745605
0.420000,0.0755485538034,0.198267016834,-1.30733512648,1.06573315238,1.64672837579,1.21989822157,2.98896156519,96.1476745605
0.425000,0.0755485538034,0.198267016834,-1.30733512648,1.06573315238,1.64672837579,1.21989822157,2.98896156519,96.1476745605
0.430000,0.0759320490003,0.197116531243,-1.30771862167,1.06496616199,1.64672837579,1.21989822157,2.97822369968,96.1476745605
0.435000,0.0759320490003,0.197116531243,-1.30771862167,1.06496616199,1.64672837579,1.21989822157,2.97822369968,96.1476745605
0.440000,0.0759320490003,0.197116531243,-1.30771862167,1.06496616199,1.64672837579,1.21989822157,2.97822369968,96.1476745605
0.445000,0.0759320490003,0.197116531243,-1.30771862167,1.06496616199,1.64672837579,1.21989822157,2.97822369968,96.1476745605
0.450000,0.0759320490003,0.197116531243,-1.30771862167,1.06496616199,1.64672837579,1.21989822157,2.97822369968,96.1476745605
0.455000,0.0751650586064,0.19750002644,-1.30695163128,1.06534965719,1.64672837579,1.21951472637,2.95713146385,96.1476745605
0.460000,0.0755485538034,0.197883521637,-1.30771862167,1.06496616199,1.6463448806,1.21951472637,2.95291301668,96.1476745605
0.465000,0.0755485538034,0.197883521637,-1.30771862167,1.06496616199,1.6463448806,1.21951472637,2.95291301668,96.1476745605
0.470000,0.0755485538034,0.197883521637,-1.30771862167,1.06496616199,1.6463448806,1.21951472637,2.95291301668,96.1476745605
0.475000,0.0763155441973,0.19750002644,-1.30733512648,1.06496616199,1.64672837579,1.21874773597,2.93949068479,96.1476745605
0.480000,0.0755485538034,0.198650512031,-1.30771862167,1.06496616199,1.64672837579,1.21913123117,2.93450524722,96.1476745605
0.485000,0.0755485538034,0.198650512031,-1.30771862167,1.06496616199,1.64672837579,1.21913123117,2.93450524722,96.1476745605
0.490000,0.0755485538034,0.198650512031,-1.30771862167,1.06496616199,1.64672837579,1.21913123117,2.93450524722,96.1476745605
0.495000,0.0755485538034,0.198650512031,-1.30771862167,1.06496616199,1.64672837579,1.21913123117,2.93450524722,96.1476745605
0.500000,0.0755485538034,0.198650512031,-1.30771862167,1.06496616199,1.64672837579,1.21913123117,2.93450524722,96.1476745605
0.505000,0.0751650586064,0.197116531243,-1.30771862167,1.06534965719,1.64672837579,1.21951472637,2.90881106903,96.1476745605
0.510000,0.0751650586064,0.197116531243,-1.30771862167,1.06534965719,1.64672837579,1.21951472637,2.90881106903,96.1476745605
0.515000,0.0751650586064,0.197116531243,-1.30771862167,1.06534965719,1.64672837579,1.21951472637,2.90881106903,96.1476745605
0.520000,0.0759320490003,0.19750002644,-1.30771862167,1.06534965719,1.6459613854,1.21874773597,2.90459262186,96.1476745605
0.525000,0.0759320490003,0.19750002644,-1.30771862167,1.06534965719,1.6459613854,1.21874773597,2.90459262186,96.1476745605
0.530000,0.0755485538034,0.19750002644,-1.30771862167,1.06611664758,1.64672837579,1.21836424078,2.88426737642,96.1476745605
0.535000,0.0740145730155,0.19750002644,-1.30810211687,1.06496616199,1.64711187099,1.21798074558,2.87966543406,96.1476745605
0.540000,0.0740145730155,0.19750002644,-1.30810211687,1.06496616199,1.64711187099,1.21798074558,2.87966543406,96.1476745605
0.545000,0.0740145730155,0.19750002644,-1.30810211687,1.06496616199,1.64711187099,1.21798074558,2.87966543406,96.1476745605
0.550000,0.0743980682124,0.197116531243,-1.30771862167,1.06534965719,1.64672837579,1.21836424078,2.86394213098,96.1476745605
0.555000,0.0747815634094,0.197883521637,-1.30733512648,1.06496616199,1.64711187099,1.21913123117,2.85818970303,96.1476745605
0.560000,0.0747815634094,0.197883521637,-1.30733512648,1.06496616199,1.64711187099,1.21913123117,2.85818970303,96.1476745605
0.565000,0.0747815634094,0.197883521637,-1.30733512648,1.06496616199,1.64711187099,1.21913123117,2.85818970303,96.1476745605
0.570000,0.0747815634094,0.197883521637,-1.30733512648,1.06496616199,1.64711187099,1.21913123117,2.85818970303,96.1476745605
0.575000,0.0747815634094,0.198267016834,-1.30810211687,1.06496616199,1.64672837579,1.21836424078,2.85282077027,96.1476745605
0.580000,0.0743980682124,0.197883521637,-1.30733512648,1.06496616199,1.64711187099,1.21951472637,2.83287902003,96.1476745605
0.585000,0.0743980682124,0.196733036046,-1.30771862167,1.0641991716,1.64672837579,1.21836424078,2.82904406806,96.1476745605
0.590000,0.0743980682124,0.196733036046,-1.30771862167,1.0641991716,1.64672837579,1.21836424078,2.82904406806,96.1476745605
0.595000,0.0743980682124,0.196733036046,-1.30771862167,1.0641991716,1.64672837579,1.21836424078,2.82904406806,96.1476745605
0.600000,0.0743980682124,0.197883521637,-1.30695163128,1.06496616199,1.64711187099,1.21836424078,2.81255377459,96.1476745605
0.605000,0.0743980682124,0.197883521637,-1.30695163128,1.06496616199,1.64711187099,1.21836424078,2.81255377459,96.1476745605
0.610000,0.0743980682124,0.198267016834,-1.30733512648,1.0641991716,1.64672837579,1.21874773597,2.80795183222,96.1476745605
0.615000,0.0743980682124,0.198267016834,-1.30733512648,1.0641991716,1.64672837579,1.21874773597,2.80795183222,96.1476745605
0.620000,0.0743980682124,0.198267016834,-1.30733512648,1.0641991716,1.64672837579,1.21874773597,2.80795183222,96.1476745605
0.625000,0.0743980682124,0.198650512031,-1.30771862167,1.06534965719,1.6463448806,1.21836424078,2.79146153875,96.1476745605
0.630000,0.0740145730155,0.19750002644,-1.30771862167,1.0641991716,1.64711187099,1.21874773597,2.78685959639,96.1476745605
0.635000,0.0740145730155,0.198267016834,-1.30695163128,1.06496616199,1.64711187099,1.21836424078,2.78225765403,96.1476745605
0.640000,0.0740145730155,0.198267016834,-1.30695163128,1.06496616199,1.64711187099,1.21836424078,2.78225765403,96.1476745605
0.645000,0.0740145730155,0.198267016834,-1.30695163128,1.06496616199,1.64711187099,1.21836424078,2.78225765403,96.1476745605
0.650000,0.0740145730155,0.197883521637,-1.30848561207,1.0641991716,1.64749536619,1.21874773597,2.76883532213,96.1476745605
0.655000,0.0732475826215,0.197883521637,-1.30733512648,1.06534965719,1.64672837579,1.21874773597,2.76461687497,96.1476745605
0.660000,0.0732475826215,0.197883521637,-1.30733512648,1.06496616199,1.64787886139,1.21836424078,2.76116541819,96.1476745605
0.665000,0.0732475826215,0.197883521637,-1.30733512648,1.06496616199,1.64787886139,1.21836424078,2.76116541819,96.1476745605
0.670000,0.0732475826215,0.197883521637,-1.30733512648,1.06496616199,1.64787886139,1.21836424078,2.76116541819,96.1476745605
0.675000,0.0736310778185,0.19750002644,-1.30695163128,1.06496616199,1.64711187099,1.21913123117,2.74927706709,96.1476745605
0.680000,0.0736310778185,0.19750002644,-1.30695163128,1.06496616199,1.64711187099,1.21913123117,2.74927706709,96.1476745605
0.685000,0.0736310778185,0.19750002644,-1.30695163128,1.06496616199,1.64711187099,1.21913123117,2.74927706709,96.1476745605
0.690000,0.0740145730155,0.198650512031,-1.30733512648,1.06534965719,1.64787886139,1.21836424078,2.74467512472,96.1476745605
0.695000,0.0740145730155,0.198650512031,-1.30733512648,1.06534965719,1.64787886139,1.21836424078,2.74467512472,96.1476745605
0.700000,0.0736310778185,0.197883521637,-1.30733512648,1.06458266679,1.64672837579,1.21874773597,2.74045667756,96.1476745605
0.705000,0.0728640874246,0.198650512031,-1.30771862167,1.0641991716,1.64711187099,1.21836424078,2.7224324033,96.1476745605
0.710000,0.0747815634094,0.197883521637,-1.30733512648,1.06458266679,1.64711187099,1.21798074558,2.71783046094,96.1476745605
0.715000,0.0747815634094,0.197883521637,-1.30733512648,1.06458266679,1.64711187099,1.21798074558,2.71783046094,96.1476745605
0.720000,0.0747815634094,0.197883521637,-1.30733512648,1.06458266679,1.64711187099,1.21798074558,2.71783046094,96.1476745605
0.725000,0.0747815634094,0.197883521637,-1.30733512648,1.06458266679,1.64711187099,1.21798074558,2.71783046094,96.1476745605
0.730000,0.0736310778185,0.198267016834,-1.30771862167,1.0641991716,1.64672837579,1.21759725038,2.70862657621,96.1476745605
0.735000,0.0736310778185,0.198267016834,-1.30771862167,1.0641991716,1.64672837579,1.21759725038,2.70862657621,96.1476745605
0.740000,0.0736310778185,0.198267016834,-1.30771862167,1.0641991716,1.64672837579,1.21759725038,2.70862657621,96.1476745605
0.745000,0.0743980682124,0.198267016834,-1.30733512648,1.0638156764,1.64749536619,1.21836424078,2.70440812904,96.1476745605
0.750000,0.0736310778185,0.197883521637,-1.30733512648,1.0638156764,1.64711187099,1.21951472637,2.68139841722,96.1476745605
0.755000,0.0736310778185,0.197883521637,-1.30733512648,1.0638156764,1.64711187099,1.21951472637,2.68139841722,96.1476745605
0.760000,0.0736310778185,0.197883521637,-1.30733512648,1.0638156764,1.64711187099,1.21951472637,2.68139841722,96.1476745605
0.765000,0.0743980682124,0.19750002644,-1.30733512648,1.0638156764,1.64711187099,1.21874773597,2.66759259013,96.1476745605
0.770000,0.0743980682124,0.19750002644,-1.30695163128,1.0638156764,1.64711187099,1.21874773597,2.66299064777,96.1476745605
0.775000,0.0743980682124,0.19750002644,-1.30695163128,1.0638156764,1.64711187099,1.21874773597,2.66299064777,96.1476745605
0.780000,0.0743980682124,0.19750002644,-1.30695163128,1.0638156764,1.64711187099,1.21874773597,2.66299064777,96.1476745605
0.785000,0.0743980682124,0.19750002644,-1.30695163128,1.0638156764,1.64711187099,1.21874773597,2.66299064777,96.1476745605
0.790000,0.0743980682124,0.19750002644,-1.30695163128,1.0638156764,1.64711187099,1.21874773597,2.66299064777,96.1476745605
0.795000,0.0740145730155,0.198650512031,-1.30771862167,1.0638156764,1.64672837579,1.21913123117,2.65838870541,96.1476745605
0.800000,0.0743980682124,0.198267016834,-1.30771862167,1.06266519081,1.64672837579,1.21874773597,2.63461200319,96.1476745605
0.805000,0.0743980682124,0.198267016834,-1.30771862167,1.06266519081,1.64672837579,1.21874773597,2.63461200319,96.1476745605
0.810000,0.0743980682124,0.198267016834,-1.30771862167,1.06266519081,1.64672837579,1.21874773597,2.63461200319,96.1476745605
0.815000,0.0740145730155,0.199034007228,-1.30656813608,1.06228169561,1.64711187099,1.21913123117,2.6211896713,96.1476745605
0.820000,0.0736310778185,0.197883521637,-1.30695163128,1.06151470522,1.64672837579,1.21874773597,2.61735471933,96.1476745605
0.825000,0.0736310778185,0.197883521637,-1.30695163128,1.06151470522,1.64672837579,1.21874773597,2.61735471933,96.1476745605
0.830000,0.0736310778185,0.197883521637,-1.30695163128,1.06151470522,1.64672837579,1.21874773597,2.61735471933,96.1476745605
0.835000,0.0736310778185,0.197883521637,-1.30695163128,1.06151470522,1.64672837579,1.21874773597,2.61735471933,96.1476745605
0.840000,0.0743980682124,0.198650512031,-1.30656813608,1.06113121002,1.64672837579,1.21798074558,2.60393238744,96.1476745605
0.845000,0.0743980682124,0.19750002644,-1.30695163128,1.06074771482,1.64749536619,1.21913123117,2.59511199791,96.1476745605
0.850000,0.0743980682124,0.19750002644,-1.30695163128,1.06074771482,1.64749536619,1.21913123117,2.59511199791,96.1476745605
0.855000,0.0743980682124,0.19750002644,-1.30695163128,1.06074771482,1.64749536619,1.21913123117,2.59511199791,96.1476745605
0.860000,0.0743980682124,0.19750002644,-1.30695163128,1.06074771482,1.64749536619,1.21913123117,2.59511199791,96.1476745605
0.865000,0.0743980682124,0.19750002644,-1.30695163128,1.06074771482,1.64749536619,1.21913123117,2.59511199791,96.1476745605
0.870000,0.0743980682124,0.197883521637,-1.30733512648,1.06074771482,1.64787886139,1.21874773597,2.58130617081,96.1476745605
0.875000,0.0736310778185,0.197883521637,-1.30733512648,1.05921373403,1.64672837579,1.21951472637,2.56865082931,96.1476745605
0.880000,0.0736310778185,0.197883521637,-1.30733512648,1.05921373403,1.64672837579,1.21951472637,2.56865082931,96.1476745605
0.885000,0.0736310778185,0.197883521637,-1.30733512648,1.05921373403,1.64672837579,1.21951472637,2.56865082931,96.1476745605
0.890000,0.0732475826215,0.198267016834,-1.30771862167,1.05883023884,1.64711187099,1.21913123117,2.5571459734,96.1476745605
0.895000,0.0732475826215,0.198267016834,-1.30771862167,1.05883023884,1.64711187099,1.21913123117,2.5571459734,96.1476745605
0.900000,0.0732475826215,0.198267016834,-1.30771862167,1.05883023884,1.64711187099,1.21913123117,2.5571459734,96.1476745605
0.905000,0.0732475826215,0.198267016834,-1.30771862167,1.05883023884,1.64711187099,1.21913123117,2.5571459734,96.1476745605
0.910000,0.0732475826215,0.198267016834,-1.30771862167,1.05883023884,1.64711187099,1.21913123117,2.5571459734,96.1476745605
0.915000,0.0732475826215,0.198267016834,-1.30695163128,1.05691276285,1.64711187099,1.21836424078,2.54180616553,96.1476745605
0.920000,0.0732475826215,0.197883521637,-1.30656813608,1.05614577246,1.64711187099,1.21798074558,2.532985776,96.1476745605
0.925000,0.0732475826215,0.197883521637,-1.30656813608,1.05614577246,1.64711187099,1.21798074558,2.532985776,96.1476745605
0.930000,0.0732475826215,0.197883521637,-1.30656813608,1.05614577246,1.64711187099,1.21798074558,2.532985776,96.1476745605
0.935000,0.0736310778185,0.198267016834,-1.30733512648,1.05576227726,1.64711187099,1.21874773597,2.52148092009,96.1476745605
0.940000,0.0724805922276,0.199034007228,-1.30733512648,1.05614577246,1.6463448806,1.21874773597,2.51687897772,96.1476745605
0.945000,0.0732475826215,0.197883521637,-1.30733512648,1.05422829647,1.64711187099,1.21798074558,2.51342752095,96.1476745605
0.950000,0.0732475826215,0.197883521637,-1.30733512648,1.05422829647,1.64711187099,1.21798074558,2.51342752095,96.1476745605
0.955000,0.0732475826215,0.197883521637,-1.30733512648,1.05422829647,1.64711187099,1.21798074558,2.51342752095,96.1476745605
0.960000,0.0732475826215,0.197883521637,-1.30733512648,1.05346130608,1.64711187099,1.21836424078,2.50115567465,96.1476745605
0.965000,0.0728640874246,0.19750002644,-1.30810211687,1.05269431569,1.64711187099,1.21951472637,2.49732072268,96.1476745605
0.970000,0.0732475826215,0.199034007228,-1.30695163128,1.05269431569,1.64672837579,1.21836424078,2.49310227551,96.1476745605
0.975000,0.0732475826215,0.199034007228,-1.30695163128,1.05269431569,1.64672837579,1.21836424078,2.49310227551,96.1476745605
0.980000,0.0732475826215,0.199034007228,-1.30695163128,1.05269431569,1.64672837579,1.21836424078,2.49310227551,96.1476745605
0.985000,0.0732475826215,0.197883521637,-1.30771862167,1.05231082049,1.64672837579,1.21874773597,2.48083042921,96.1476745605
0.990000,0.0732475826215,0.197883521637,-1.30771862167,1.05231082049,1.64672837579,1.21874773597,2.48083042921,96.1476745605
0.995000,0.0732475826215,0.19750002644,-1.30733512648,1.0511603349,1.64672837579,1.21913123117,2.47661198204,96.1476745605
1.000000,0.0732475826215,0.19750002644,-1.30733512648,1.0511603349,1.64672837579,1.21913123117,2.47661198204,96.1476745605
1.005000,0.0728640874246,0.198650512031,-1.30810211687,1.0507768397,1.64672837579,1.21836424078,2.47277703007,96.1476745605
1.010000,0.0724805922276,0.198267016834,-1.30695163128,1.05000984931,1.64672837579,1.21951472637,2.46357314534,96.1476745605
1.015000,0.0720970970306,0.198650512031,-1.30771862167,1.04962635411,1.64672837579,1.21874773597,2.45513625101,96.1476745605
1.020000,0.0720970970306,0.198650512031,-1.30771862167,1.04962635411,1.64672837579,1.21874773597,2.45513625101,96.1476745605
1.025000,0.0720970970306,0.198650512031,-1.30810211687,1.04809237332,1.64711187099,1.21913123117,2.45053430865,96.1476745605
1.030000,0.0720970970306,0.198650512031,-1.30810211687,1.04809237332,1.64711187099,1.21913123117,2.45053430865,96.1476745605
1.035000,0.0720970970306,0.198650512031,-1.30810211687,1.04809237332,1.64711187099,1.21913123117,2.45053430865,96.1476745605
1.040000,0.0720970970306,0.198650512031,-1.30810211687,1.04809237332,1.64711187099,1.21913123117,2.45053430865,96.1476745605
1.045000,0.0709466114397,0.198267016834,-1.30733512648,1.04655839253,1.6463448806,1.21874773597,2.43327702478,96.1476745605
1.050000,0.0717136018336,0.198267016834,-1.30733512648,1.04655839253,1.6463448806,1.21874773597,2.42368964486,96.1476745605
1.055000,0.0717136018336,0.198267016834,-1.30733512648,1.04655839253,1.6463448806,1.21874773597,2.42368964486,96.1476745605
1.060000,0.0717136018336,0.198267016834,-1.30733512648,1.04655839253,1.6463448806,1.21874773597,2.42368964486,96.1476745605
1.065000,0.0717136018336,0.198267016834,-1.30733512648,1.04655839253,1.6463448806,1.21874773597,2.42368964486,96.1476745605
1.070000,0.0717136018336,0.198267016834,-1.30733512648,1.04655839253,1.6463448806,1.21874773597,2.42368964486,96.1476745605
1.075000,0.0717136018336,0.198267016834,-1.30733512648,1.04655839253,1.6463448806,1.21874773597,2.42368964486,96.1476745605
1.080000,0.0713301066367,0.198267016834,-1.30771862167,1.04502441175,1.6463448806,1.21913123117,2.4052818754,96.1476745605
1.085000,0.0709466114397,0.199034007228,-1.30771862167,1.04387392616,1.6463448806,1.21798074558,2.39147604831,96.1476745605
1.090000,0.0709466114397,0.199034007228,-1.30771862167,1.04349043096,1.64711187099,1.21874773597,2.38610711556,96.1476745605
1.095000,0.0709466114397,0.199034007228,-1.30771862167,1.04349043096,1.64711187099,1.21874773597,2.38610711556,96.1476745605
1.100000,0.0709466114397,0.199034007228,-1.30771862167,1.04349043096,1.64711187099,1.21874773597,2.38610711556,96.1476745605
1.105000,0.0697961258488,0.198650512031,-1.30771862167,1.04233994537,1.6459613854,1.21874773597,2.37076730768,96.1476745605
1.110000,0.0701796210458,0.198267016834,-1.30733512648,1.04233994537,1.6463448806,1.21836424078,2.36578187012,96.1476745605
1.115000,0.0701796210458,0.198267016834,-1.30733512648,1.04233994537,1.6463448806,1.21836424078,2.36578187012,96.1476745605
1.120000,0.0701796210458,0.198267016834,-1.30733512648,1.04233994537,1.6463448806,1.21836424078,2.36578187012,96.1476745605
1.125000,0.0701796210458,0.198267016834,-1.30733512648,1.04233994537,1.6463448806,1.21836424078,2.36578187012,96.1476745605
1.130000,0.0705631162427,0.198267016834,-1.30733512648,1.04195645017,1.6463448806,1.21874773597,2.36117992775,96.1476745605
1.135000,0.0682621450609,0.197883521637,-1.30810211687,1.04042246938,1.6463448806,1.21836424078,2.34008769192,96.1476745605
1.140000,0.0682621450609,0.197883521637,-1.30810211687,1.04042246938,1.6463448806,1.21836424078,2.34008769192,96.1476745605
1.145000,0.0686456402579,0.197883521637,-1.30695163128,1.04042246938,1.6459613854,1.21836424078,2.33433526396,96.1476745605
1.150000,0.0686456402579,0.197883521637,-1.30695163128,1.04042246938,1.6459613854,1.21836424078,2.33433526396,96.1476745605
1.155000,0.0686456402579,0.197883521637,-1.30695163128,1.04042246938,1.6459613854,1.21836424078,2.33433526396,96.1476745605
1.160000,0.0686456402579,0.198650512031,-1.30771862167,1.03927198379,1.6463448806,1.21836424078,2.31976244648,96.1476745605
1.165000,0.0678786498639,0.198650512031,-1.30733512648,1.0388884886,1.6455778902,1.21836424078,2.30749060018,96.1476745605
1.170000,0.0678786498639,0.198650512031,-1.30733512648,1.0388884886,1.6455778902,1.21836424078,2.30749060018,96.1476745605
1.175000,0.0678786498639,0.198650512031,-1.30733512648,1.0388884886,1.6455778902,1.21836424078,2.30749060018,96.1476745605
1.180000,0.0678786498639,0.198267016834,-1.30733512648,1.037738003,1.6459613854,1.21836424078,2.29291778269,96.1476745605
1.185000,0.0678786498639,0.198650512031,-1.30695163128,1.03697101261,1.6463448806,1.21874773597,2.28678185954,96.1476745605
1.190000,0.06711165947,0.198650512031,-1.30733512648,1.03735450781,1.6463448806,1.21836424078,2.28102943159,96.1476745605
1.195000,0.06711165947,0.198650512031,-1.30733512648,1.03735450781,1.6463448806,1.21836424078,2.28102943159,96.1476745605
1.200000,0.06711165947,0.198650512031,-1.30733512648,1.03735450781,1.6463448806,1.21836424078,2.28102943159,96.1476745605
1.205000,0.06711165947,0.198650512031,-1.30733512648,1.03735450781,1.6463448806,1.21836424078,2.28102943159,96.1476745605
1.210000,0.066344669076,0.198650512031,-1.30695163128,1.03467004143,1.64672837579,1.21798074558,2.25878671016,96.1476745605
1.215000,0.0659611738791,0.197883521637,-1.30771862167,1.03582052702,1.6463448806,1.21759725038,2.2538012726,96.1476745605
1.220000,0.0659611738791,0.197883521637,-1.30771862167,1.03582052702,1.6463448806,1.21759725038,2.2538012726,96.1476745605
1.225000,0.0659611738791,0.197883521637,-1.30771862167,1.03582052702,1.6463448806,1.21759725038,2.2538012726,96.1476745605
1.230000,0.0651941834851,0.199800997622,-1.30733512648,1.03428654623,1.64672837579,1.21759725038,2.23577699834,96.1476745605
1.235000,0.0651941834851,0.199800997622,-1.30733512648,1.03428654623,1.64672837579,1.21759725038,2.23577699834,96.1476745605
1.240000,0.0655776786821,0.198650512031,-1.30733512648,1.03351955584,1.6463448806,1.21721375519,2.23002457039,96.1476745605
1.245000,0.0655776786821,0.198650512031,-1.30733512648,1.03351955584,1.6463448806,1.21721375519,2.23002457039,96.1476745605
1.250000,0.0655776786821,0.198650512031,-1.30733512648,1.03351955584,1.6463448806,1.21721375519,2.23002457039,96.1476745605
1.255000,0.0655776786821,0.198650512031,-1.30733512648,1.03351955584,1.6463448806,1.21721375519,2.23002457039,96.1476745605
1.260000,0.0648106882882,0.199034007228,-1.30733512648,1.03160207985,1.6463448806,1.21798074558,2.20164592581,96.1476745605
1.265000,0.0636602026972,0.198267016834,-1.30771862167,1.03121858466,1.64672837579,1.21759725038,2.19627699305,96.1476745605
1.270000,0.0636602026972,0.198267016834,-1.30771862167,1.03121858466,1.64672837579,1.21759725038,2.19627699305,96.1476745605
1.275000,0.0636602026972,0.198267016834,-1.30771862167,1.03121858466,1.64672837579,1.21759725038,2.19627699305,96.1476745605
1.280000,0.0625097171063,0.199034007228,-1.30733512648,1.02968460387,1.6459613854,1.21721375519,2.17940320439,96.1476745605
1.285000,0.0625097171063,0.199034007228,-1.30733512648,1.02968460387,1.6459613854,1.21721375519,2.17940320439,96.1476745605
1.290000,0.0625097171063,0.199034007228,-1.30733512648,1.02968460387,1.6459613854,1.21721375519,2.17940320439,96.1476745605
1.295000,0.0625097171063,0.199034007228,-1.30733512648,1.02968460387,1.6459613854,1.21721375519,2.17940320439,96.1476745605
1.300000,0.0625097171063,0.198650512031,-1.30771862167,1.02891761347,1.6463448806,1.21683025999,2.17365077643,96.1476745605
1.305000,0.0617427267124,0.198650512031,-1.30733512648,1.02776712788,1.6459613854,1.21759725038,2.16137893013,96.1476745605
1.310000,0.0621262219094,0.199417502425,-1.30733512648,1.02815062308,1.6463448806,1.21721375519,2.15064106462,96.1476745605
1.315000,0.0621262219094,0.199417502425,-1.30733512648,1.02815062308,1.6463448806,1.21721375519,2.15064106462,96.1476745605
1.320000,0.0621262219094,0.199417502425,-1.30733512648,1.02815062308,1.6463448806,1.21721375519,2.15064106462,96.1476745605
1.325000,0.0621262219094,0.199417502425,-1.30733512648,1.02815062308,1.6463448806,1.21721375519,2.15064106462,96.1476745605
1.330000,0.0609757363184,0.199417502425,-1.30810211687,1.02661664229,1.6463448806,1.21721375519,2.15064106462,96.1476745605
1.335000,0.0602087459245,0.198267016834,-1.30771862167,1.0250826615,1.6463448806,1.21798074558,2.11842746807,96.1476745605
1.340000,0.0598252507275,0.199800997622,-1.30771862167,1.02431567111,1.6459613854,1.21759725038,2.11267504012,96.1476745605
1.345000,0.0586747651366,0.198267016834,-1.30810211687,1.02431567111,1.6463448806,1.21798074558,2.10730610736,96.1476745605
1.350000,0.0586747651366,0.198267016834,-1.30810211687,1.02431567111,1.6463448806,1.21798074558,2.10730610736,96.1476745605
1.355000,0.0586747651366,0.198267016834,-1.30810211687,1.02431567111,1.6463448806,1.21798074558,2.10730610736,96.1476745605
1.360000,0.0586747651366,0.198267016834,-1.30810211687,1.02431567111,1.6463448806,1.21798074558,2.10730610736,96.1476745605
1.365000,0.0586747651366,0.198267016834,-1.30810211687,1.02431567111,1.6463448806,1.21798074558,2.10730610736,96.1476745605
1.370000,0.0586747651366,0.198267016834,-1.30810211687,1.02431567111,1.6463448806,1.21798074558,2.10730610736,96.1476745605
1.375000,0.0594417555306,0.199034007228,-1.30656813608,1.02278169032,1.64672837579,1.21836424078,2.09618474665,96.1476745605
1.380000,0.0575242795457,0.199034007228,-1.30695163128,1.01971372875,1.6459613854,1.21798074558,2.07164105404,96.1476745605
1.385000,0.0575242795457,0.199034007228,-1.30695163128,1.01971372875,1.6459613854,1.21798074558,2.07164105404,96.1476745605
1.390000,0.0575242795457,0.199034007228,-1.30695163128,1.01971372875,1.6459613854,1.21798074558,2.07164105404,96.1476745605
1.395000,0.0559902987578,0.199034007228,-1.30771862167,1.01894673835,1.6463448806,1.21798074558,2.05745173175,96.1476745605
1.400000,0.0563737939548,0.198650512031,-1.30733512648,1.01779625276,1.6463448806,1.21836424078,2.05284978939,96.1476745605
1.405000,0.0563737939548,0.198650512031,-1.30733512648,1.01779625276,1.6463448806,1.21836424078,2.05284978939,96.1476745605
1.410000,0.0563737939548,0.198650512031,-1.30733512648,1.01779625276,1.6463448806,1.21836424078,2.05284978939,96.1476745605
1.415000,0.0563737939548,0.198650512031,-1.30733512648,1.01779625276,1.6463448806,1.21836424078,2.05284978939,96.1476745605
1.420000,0.0563737939548,0.198650512031,-1.30733512648,1.01779625276,1.6463448806,1.21836424078,2.05284978939,96.1476745605
1.425000,0.0548398131669,0.199034007228,-1.30810211687,1.01434479599,1.6463448806,1.21798074558,2.02830609678,96.1476745605
1.430000,0.0544563179699,0.199417502425,-1.30771862167,1.0135778056,1.6459613854,1.21951472637,2.02332065922,96.1476745605
1.435000,0.0544563179699,0.199417502425,-1.30771862167,1.0135778056,1.6459613854,1.21951472637,2.02332065922,96.1476745605
1.440000,0.0544563179699,0.199417502425,-1.30771862167,1.0135778056,1.6459613854,1.21951472637,2.02332065922,96.1476745605
1.445000,0.0525388419851,0.199034007228,-1.30733512648,1.0128108152,1.64672837579,1.21836424078,2.00759735615,96.1476745605
1.450000,0.053305832379,0.199417502425,-1.30733512648,1.01166032961,1.6463448806,1.21874773597,2.00222842339,96.1476745605
1.455000,0.0521553467881,0.199800997622,-1.30695163128,1.01127683441,1.6459613854,1.21836424078,1.99800997622,96.1476745605
1.460000,0.0521553467881,0.199800997622,-1.30695163128,1.01127683441,1.6459613854,1.21836424078,1.99800997622,96.1476745605
1.465000,0.0521553467881,0.199800997622,-1.30695163128,1.01127683441,1.6459613854,1.21836424078,1.99800997622,96.1476745605
1.470000,0.0517718515911,0.199417502425,-1.30656813608,1.00897586323,1.6459613854,1.21874773597,1.98228667314,96.1476745605
1.475000,0.0513883563942,0.199800997622,-1.30733512648,1.00859236803,1.6463448806,1.21874773597,1.97691774039,96.1476745605
1.480000,0.0513883563942,0.199800997622,-1.30733512648,1.00859236803,1.6463448806,1.21874773597,1.97691774039,96.1476745605
1.485000,0.0510048611972,0.199417502425,-1.30733512648,1.00782537764,1.6463448806,1.21874773597,1.97078181724,96.1476745605
1.490000,0.0510048611972,0.199417502425,-1.30733512648,1.00782537764,1.6463448806,1.21874773597,1.97078181724,96.1476745605
1.495000,0.0510048611972,0.199417502425,-1.30733512648,1.00782537764,1.6463448806,1.21874773597,1.97078181724,96.1476745605
1.500000,0.0498543756063,0.199417502425,-1.30695163128,1.00552440646,1.6463448806,1.21836424078,1.96196142771,96.1476745605
1.505000,0.0494708804093,0.199800997622,-1.30695163128,1.00399042567,1.6459613854,1.21836424078,1.94853909581,96.1476745605
1.510000,0.0494708804093,0.199800997622,-1.30695163128,1.00399042567,1.6459613854,1.21836424078,1.94853909581,96.1476745605
1.515000,0.0494708804093,0.199800997622,-1.30695163128,1.00399042567,1.6459613854,1.21836424078,1.94853909581,96.1476745605
1.520000,0.0490873852123,0.200567988016,-1.30733512648,1.00207294969,1.6455778902,1.21836424078,1.93319928793,96.1476745605
1.525000,0.0490873852123,0.200567988016,-1.30733512648,1.00207294969,1.6455778902,1.21836424078,1.93319928793,96.1476745605
1.530000,0.0490873852123,0.200567988016,-1.30733512648,1.00207294969,1.6455778902,1.21836424078,1.93319928793,96.1476745605
1.535000,0.0490873852123,0.200567988016,-1.30733512648,1.00207294969,1.6455778902,1.21836424078,1.93319928793,96.1476745605
1.540000,0.0475534044244,0.199800997622,-1.30695163128,1.0009224641,1.6455778902,1.21836424078,1.93051482155,96.1476745605
1.545000,0.0464029188335,0.200184492819,-1.30733512648,0.997471007322,1.64519439501,1.21798074558,1.91287404249,96.1476745605
1.550000,0.0464029188335,0.200184492819,-1.30733512648,0.997471007322,1.64519439501,1.21798074558,1.91287404249,96.1476745605
1.555000,0.0464029188335,0.200184492819,-1.30733512648,0.997471007322,1.64519439501,1.21798074558,1.91287404249,96.1476745605
1.560000,0.0456359284396,0.200184492819,-1.30733512648,0.995937026535,1.6463448806,1.21759725038,1.8994517106,96.1476745605
1.565000,0.0456359284396,0.200184492819,-1.30771862167,0.994786540944,1.64519439501,1.21874773597,1.89676724422,96.1476745605
1.570000,0.0452524332426,0.200951483213,-1.30771862167,0.993636055353,1.6459613854,1.21798074558,1.89101481627,96.1476745605
1.575000,0.0452524332426,0.200951483213,-1.30771862167,0.993636055353,1.6459613854,1.21798074558,1.89101481627,96.1476745605
1.580000,0.0452524332426,0.200951483213,-1.30771862167,0.993636055353,1.6459613854,1.21798074558,1.89101481627,96.1476745605
1.585000,0.0452524332426,0.200951483213,-1.30771862167,0.993636055353,1.6459613854,1.21798074558,1.89101481627,96.1476745605
1.590000,0.0448689380456,0.200567988016,-1.30733512648,0.993252560156,1.64519439501,1.21798074558,1.88372840752,96.1476745605
1.595000,0.0433349572578,0.200567988016,-1.30771862167,0.989801103383,1.64519439501,1.21798074558,1.87068957083,96.1476745605
1.600000,0.0425679668638,0.200951483213,-1.30695163128,0.987883627398,1.6455778902,1.21874773597,1.86647112366,96.1476745605
1.605000,0.0425679668638,0.200951483213,-1.30695163128,0.987883627398,1.6455778902,1.21874773597,1.86647112366,96.1476745605
1.610000,0.0425679668638,0.200951483213,-1.30695163128,0.987883627398,1.6455778902,1.21874773597,1.86647112366,96.1476745605
1.615000,0.0418009764699,0.20133497841,-1.30733512648,0.985582656216,1.6455778902,1.21759725038,1.85611675334,96.1476745605
1.620000,0.0418009764699,0.200951483213,-1.30695163128,0.984815665822,1.6455778902,1.21836424078,1.85189830617,96.1476745605
1.625000,0.0418009764699,0.200951483213,-1.30695163128,0.984815665822,1.6455778902,1.21836424078,1.85189830617,96.1476745605
1.630000,0.0418009764699,0.200951483213,-1.30695163128,0.984815665822,1.6455778902,1.21836424078,1.85189830617,96.1476745605
1.635000,0.0418009764699,0.200951483213,-1.30695163128,0.984815665822,1.6455778902,1.21836424078,1.85189830617,96.1476745605
1.640000,0.0418009764699,0.200567988016,-1.30733512648,0.984815665822,1.64519439501,1.21836424078,1.8480633542,96.1476745605
1.645000,0.039500005288,0.201718473607,-1.30618464088,0.98136420905,1.6459613854,1.21798074558,1.83387403192,96.1476745605
1.650000,0.039500005288,0.201718473607,-1.30618464088,0.98136420905,1.6459613854,1.21798074558,1.83387403192,96.1476745605
1.655000,0.039500005288,0.201718473607,-1.30618464088,0.98136420905,1.6459613854,1.21798074558,1.83387403192,96.1476745605
1.660000,0.039500005288,0.201718473607,-1.30618464088,0.98136420905,1.6459613854,1.21798074558,1.83387403192,96.1476745605
1.665000,0.0379660245002,0.200567988016,-1.30618464088,0.978296247474,1.64519439501,1.21798074558,1.82083519522,96.1476745605
1.670000,0.0368155389092,0.201718473607,-1.30580114569,0.97752925708,1.64481089981,1.21798074558,1.81776723364,96.1476745605
1.675000,0.0360485485153,0.20133497841,-1.30656813608,0.976762266686,1.64442740461,1.21836424078,1.81431577687,96.1476745605
1.680000,0.0360485485153,0.20133497841,-1.30656813608,0.976762266686,1.64442740461,1.21836424078,1.81431577687,96.1476745605
1.685000,0.0360485485153,0.20133497841,-1.30656813608,0.976762266686,1.64442740461,1.21836424078,1.81431577687,96.1476745605
1.690000,0.0348980629244,0.20133497841,-1.30580114569,0.973310809913,1.64481089981,1.21798074558,1.80587888254,96.1476745605
1.695000,0.0348980629244,0.20133497841,-1.30580114569,0.973310809913,1.64481089981,1.21798074558,1.80587888254,96.1476745605
1.700000,0.0348980629244,0.20133497841,-1.30580114569,0.973310809913,1.64481089981,1.21798074558,1.80587888254,96.1476745605
1.705000,0.0348980629244,0.20133497841,-1.30580114569,0.973310809913,1.64481089981,1.21798074558,1.80587888254,96.1476745605
1.710000,0.0348980629244,0.201718473607,-1.30618464088,0.973310809913,1.64366041422,1.21874773597,1.80281092096,96.1476745605
1.715000,0.0322135965456,0.20133497841,-1.30656813608,0.969475857944,1.64212643343,1.21989822157,1.79130606505,96.1476745605
1.720000,0.0322135965456,0.20133497841,-1.30656813608,0.969475857944,1.64212643343,1.21989822157,1.79130606505,96.1476745605
1.725000,0.0322135965456,0.20133497841,-1.30656813608,0.969475857944,1.64212643343,1.21989822157,1.79130606505,96.1476745605
1.730000,0.0314466061517,0.202101968804,-1.30618464088,0.967558381959,1.63944196705,1.21951472637,1.78440315151,96.1476745605
1.735000,0.0310631109547,0.201718473607,-1.30695163128,0.966024401171,1.63905847186,1.21951472637,1.78248567552,96.1476745605
1.740000,0.0299126253638,0.202101968804,-1.30733512648,0.965640905974,1.63829148146,1.21989822157,1.77980120914,96.1476745605
1.745000,0.0299126253638,0.202101968804,-1.30733512648,0.965640905974,1.63829148146,1.21989822157,1.77980120914,96.1476745605
1.750000,0.0299126253638,0.202101968804,-1.30733512648,0.965640905974,1.63829148146,1.21989822157,1.77980120914,96.1476745605
1.755000,0.0287621397729,0.201718473607,-1.30618464088,0.963339934792,1.63637400548,1.21913123117,1.77404878119,96.1476745605
1.760000,0.0287621397729,0.203252454395,-1.30618464088,0.962956439595,1.63522351989,1.21951472637,1.77136431481,96.1476745605
1.765000,0.0291456349698,0.202101968804,-1.30618464088,0.961805954004,1.63407303429,1.21874773597,1.77098081961,96.1476745605
1.770000,0.0291456349698,0.202101968804,-1.30618464088,0.961805954004,1.63407303429,1.21874773597,1.77098081961,96.1476745605
1.775000,0.0291456349698,0.202101968804,-1.30618464088,0.961805954004,1.63407303429,1.21874773597,1.77098081961,96.1476745605
1.780000,0.0291456349698,0.202101968804,-1.30618464088,0.961805954004,1.63407303429,1.21874773597,1.77098081961,96.1476745605
1.785000,0.0291456349698,0.202101968804,-1.30618464088,0.961805954004,1.63407303429,1.21874773597,1.77098081961,96.1476745605
1.790000,0.027228158985,0.202868959198,-1.30695163128,0.956820516444,1.63023808233,1.21951472637,1.7602429541,96.1476745605
1.795000,0.026844663788,0.202485464001,-1.30695163128,0.955670030853,1.62908759673,1.21951472637,1.75832547811,96.1476745605
1.800000,0.026461168591,0.203635949592,-1.30733512648,0.955286535656,1.62793711114,1.21913123117,1.75794198292,96.1476745605
1.805000,0.026461168591,0.203635949592,-1.30733512648,0.955286535656,1.62793711114,1.21913123117,1.75794198292,96.1476745605
1.810000,0.026461168591,0.203635949592,-1.30733512648,0.955286535656,1.62793711114,1.21913123117,1.75794198292,96.1476745605
1.815000,0.0241601974092,0.203252454395,-1.30695163128,0.952985564474,1.62563613996,1.21913123117,1.75295654536,96.1476745605
1.820000,0.0241601974092,0.203252454395,-1.30695163128,0.952985564474,1.62563613996,1.21913123117,1.75295654536,96.1476745605
1.825000,0.0241601974092,0.203252454395,-1.30695163128,0.952985564474,1.62563613996,1.21913123117,1.75295654536,96.1476745605
1.830000,0.0241601974092,0.203252454395,-1.30695163128,0.952985564474,1.62563613996,1.21913123117,1.75295654536,96.1476745605
1.835000,0.0226262166213,0.202868959198,-1.30656813608,0.94838362211,1.62218468319,1.22028171676,1.74835460299,96.1476745605
1.840000,0.0226262166213,0.202868959198,-1.30656813608,0.94838362211,1.62218468319,1.22028171676,1.74835460299,96.1476745605
1.845000,0.0226262166213,0.203252454395,-1.30656813608,0.947616631716,1.62141769279,1.22028171676,1.7475876126,96.1476745605
1.850000,0.0226262166213,0.203252454395,-1.30656813608,0.947616631716,1.62141769279,1.22028171676,1.7475876126,96.1476745605
1.855000,0.0226262166213,0.203252454395,-1.30656813608,0.947616631716,1.62141769279,1.22028171676,1.7475876126,96.1476745605
1.860000,0.0207087406365,0.202868959198,-1.30618464088,0.94454867014,1.61988371201,1.22066521196,1.74528664142,96.1476745605
1.865000,0.0207087406365,0.202868959198,-1.30618464088,0.94454867014,1.61988371201,1.22066521196,1.74528664142,96.1476745605
1.870000,0.0199417502425,0.203252454395,-1.30656813608,0.944165174943,1.61796623602,1.22066521196,1.74490314622,96.1476745605
1.875000,0.0199417502425,0.203252454395,-1.30656813608,0.944165174943,1.61796623602,1.22066521196,1.74490314622,96.1476745605
1.880000,0.0199417502425,0.203252454395,-1.30656813608,0.944165174943,1.61796623602,1.22066521196,1.74490314622,96.1476745605
1.885000,0.0187912646516,0.202868959198,-1.30656813608,0.941097213368,1.61528176964,1.22028171676,1.73991770866,96.1476745605
1.890000,0.0176407790607,0.202485464001,-1.30618464088,0.940330222974,1.61489827445,1.21989822157,1.73915071827,96.1476745605
1.895000,0.0184077694546,0.202485464001,-1.30580114569,0.93956323258,1.61413128405,1.21989822157,1.73838372787,96.1476745605
1.900000,0.0184077694546,0.202485464001,-1.30580114569,0.93956323258,1.61413128405,1.21989822157,1.73838372787,96.1476745605
1.905000,0.0184077694546,0.202485464001,-1.30580114569,0.93956323258,1.61413128405,1.21989822157,1.73838372787,96.1476745605
1.910000,0.0176407790607,0.201718473607,-1.30618464088,0.937262261398,1.61298079846,1.22028171676,1.7345487759,96.1476745605
1.915000,0.0176407790607,0.201718473607,-1.30618464088,0.937262261398,1.61298079846,1.22028171676,1.7345487759,96.1476745605
1.920000,0.0176407790607,0.201718473607,-1.30618464088,0.937262261398,1.61298079846,1.22028171676,1.7345487759,96.1476745605
1.925000,0.0176407790607,0.201718473607,-1.30618464088,0.937262261398,1.61298079846,1.22028171676,1.7345487759,96.1476745605
1.930000,0.0168737886667,0.201718473607,-1.30656813608,0.936111775807,1.61144681767,1.21913123117,1.73301479511,96.1476745605
1.935000,0.0153398078789,0.202485464001,-1.30656813608,0.933810804625,1.61029633208,1.22028171676,1.72649537677,96.1476745605
1.940000,0.0153398078789,0.202485464001,-1.30656813608,0.933810804625,1.61029633208,1.22028171676,1.72649537677,96.1476745605
1.945000,0.0153398078789,0.202485464001,-1.30656813608,0.933810804625,1.61029633208,1.22028171676,1.72649537677,96.1476745605
1.950000,0.0153398078789,0.202485464001,-1.30656813608,0.933810804625,1.61029633208,1.22028171676,1.72649537677,96.1476745605
1.955000,0.0153398078789,0.202485464001,-1.30656813608,0.933810804625,1.61029633208,1.22028171676,1.72649537677,96.1476745605
1.960000,0.0145728174849,0.20133497841,-1.30656813608,0.932276823837,1.60914584649,1.22066521196,1.7222769296,96.1476745605
1.965000,0.013422331894,0.200951483213,-1.30618464088,0.929208862262,1.6076118657,1.21989822157,1.71499052086,96.1476745605
1.970000,0.013422331894,0.200951483213,-1.30618464088,0.929208862262,1.6076118657,1.21989822157,1.71499052086,96.1476745605
1.975000,0.013422331894,0.200951483213,-1.30618464088,0.929208862262,1.6076118657,1.21989822157,1.71499052086,96.1476745605
1.980000,0.013038836697,0.20133497841,-1.30580114569,0.926140900686,1.60722837051,1.21989822157,1.70770411211,96.1476745605
1.985000,0.0126553415001,0.20133497841,-1.30618464088,0.92690789108,1.60684487531,1.22028171676,1.70501964573,96.1476745605
1.990000,0.0126553415001,0.200567988016,-1.30656813608,0.926140900686,1.60646138011,1.21951472637,1.70195168416,96.1476745605
1.995000,0.0126553415001,0.200567988016,-1.30656813608,0.926140900686,1.60646138011,1.21951472637,1.70195168416,96.1476745605
2.000000,0.0126553415001,0.200567988016,-1.30656813608,0.926140900686,1.60646138011,1.21951472637,1.70195168416,96.1476745605
2.005000,0.0111213607122,0.200567988016,-1.30695163128,0.923839929504,1.60607788492,1.21989822157,1.69389828502,96.1476745605
2.010000,0.0111213607122,0.200567988016,-1.30656813608,0.923839929504,1.60684487531,1.21951472637,1.69044682825,96.1476745605
2.015000,0.0103543703182,0.200567988016,-1.30656813608,0.92307293911,1.60607788492,1.22028171676,1.68891284746,96.1476745605
2.020000,0.0103543703182,0.200567988016,-1.30656813608,0.92307293911,1.60607788492,1.22028171676,1.68891284746,96.1476745605
2.025000,0.0103543703182,0.200567988016,-1.30656813608,0.92307293911,1.60607788492,1.22028171676,1.68891284746,96.1476745605
2.030000,0.0107378655152,0.198650512031,-1.30618464088,0.922305948716,1.60607788492,1.21951472637,1.68009245793,96.1476745605
2.035000,0.0107378655152,0.198650512031,-1.30618464088,0.922305948716,1.60607788492,1.21951472637,1.68009245793,96.1476745605
2.040000,0.0107378655152,0.198650512031,-1.30618464088,0.922305948716,1.60607788492,1.21951472637,1.68009245793,96.1476745605
2.045000,0.0107378655152,0.198650512031,-1.30618464088,0.922305948716,1.60607788492,1.21951472637,1.68009245793,96.1476745605
2.050000,0.0107378655152,0.198650512031,-1.30618464088,0.922305948716,1.60607788492,1.21951472637,1.68009245793,96.1476745605
2.055000,0.0107378655152,0.198650512031,-1.30618464088,0.922305948716,1.60607788492,1.21951472637,1.68009245793,96.1476745605
2.060000,0.0103543703182,0.200184492819,-1.30695163128,0.921922453519,1.60646138011,1.21836424078,1.66782061163,96.1476745605
2.065000,0.0103543703182,0.200184492819,-1.30695163128,0.921922453519,1.60646138011,1.21836424078,1.66782061163,96.1476745605
2.070000,0.0103543703182,0.200184492819,-1.30695163128,0.921922453519,1.60646138011,1.21836424078,1.66782061163,96.1476745605
2.075000,0.00920388472731,0.199800997622,-1.30656813608,0.921922453519,1.60646138011,1.21798074558,1.66360216446,96.1476745605
2.080000,0.00882038953034,0.200567988016,-1.30733512648,0.921538958322,1.60607788492,1.21836424078,1.66245167887,96.1476745605
2.085000,0.00882038953034,0.200567988016,-1.30733512648,0.921538958322,1.60607788492,1.21836424078,1.66245167887,96.1476745605
2.090000,0.00882038953034,0.200567988016,-1.30733512648,0.921538958322,1.60607788492,1.21836424078,1.66245167887,96.1476745605
2.095000,0.00882038953034,0.200567988016,-1.30733512648,0.921538958322,1.60607788492,1.21836424078,1.66245167887,96.1476745605
2.100000,0.00920388472731,0.199800997622,-1.30656813608,0.91923798714,1.60569438972,1.22028171676,1.66130119328,96.1476745605
2.105000,0.0080533991364,0.199800997622,-1.30733512648,0.918470996746,1.60492739933,1.22028171676,1.66091769808,96.1476745605
2.110000,0.0080533991364,0.199800997622,-1.30733512648,0.918470996746,1.60492739933,1.22028171676,1.66091769808,96.1476745605
2.115000,0.0080533991364,0.199800997622,-1.30733512648,0.918470996746,1.60492739933,1.22028171676,1.66091769808,96.1476745605
2.120000,0.0080533991364,0.200184492819,-1.30656813608,0.918087501549,1.60492739933,1.22066521196,1.65976721249,96.1476745605
2.125000,0.0080533991364,0.200184492819,-1.30656813608,0.918087501549,1.60492739933,1.22066521196,1.65976721249,96.1476745605
2.130000,0.0080533991364,0.200184492819,-1.30656813608,0.918087501549,1.60492739933,1.22066521196,1.65976721249,96.1476745605
2.135000,0.00651941834851,0.200184492819,-1.30618464088,0.917704006352,1.60569438972,1.21913123117,1.65554876533,96.1476745605
2.140000,0.00728640874246,0.200184492819,-1.30656813608,0.918087501549,1.60531089452,1.21874773597,1.65554876533,96.1476745605
2.145000,0.00728640874246,0.200184492819,-1.30656813608,0.918087501549,1.60531089452,1.21874773597,1.65554876533,96.1476745605
2.150000,0.00728640874246,0.200184492819,-1.30656813608,0.918087501549,1.60531089452,1.21874773597,1.65554876533,96.1476745605
2.155000,0.00728640874246,0.200184492819,-1.30656813608,0.918087501549,1.60531089452,1.21874773597,1.65554876533,96.1476745605
2.160000,0.00728640874246,0.200184492819,-1.30656813608,0.918087501549,1.60531089452,1.21874773597,1.65554876533,96.1476745605
2.165000,0.00728640874246,0.200184492819,-1.30656813608,0.918087501549,1.60531089452,1.21874773597,1.65554876533,96.1476745605
2.170000,0.00728640874246,0.200184492819,-1.30656813608,0.918087501549,1.60531089452,1.21874773597,1.65554876533,96.1476745605
2.175000,0.00613592315154,0.200567988016,-1.30618464088,0.917704006352,1.60416040893,1.21913123117,1.65554876533,96.1476745605
2.180000,0.00651941834851,0.200184492819,-1.30656813608,0.917704006352,1.60454390413,1.21989822157,1.65516527013,96.1476745605
2.185000,0.00651941834851,0.200184492819,-1.30656813608,0.917704006352,1.60454390413,1.21989822157,1.65516527013,96.1476745605
2.190000,0.00651941834851,0.200184492819,-1.30656813608,0.917704006352,1.60454390413,1.21989822157,1.65516527013,96.1476745605
2.195000,0.00498543756063,0.199800997622,-1.30695163128,0.918087501549,1.60492739933,1.22028171676,1.65516527013,96.1476745605
2.200000,0.0053689327576,0.200951483213,-1.30618464088,0.918470996746,1.60492739933,1.21989822157,1.65593226052,96.1476745605
2.205000,0.0053689327576,0.200951483213,-1.30618464088,0.918470996746,1.60492739933,1.21989822157,1.65593226052,96.1476745605
2.210000,0.0053689327576,0.200951483213,-1.30618464088,0.918470996746,1.60492739933,1.21989822157,1.65593226052,96.1476745605
2.215000,0.0053689327576,0.200951483213,-1.30618464088,0.918470996746,1.60492739933,1.21989822157,1.65593226052,96.1476745605
2.220000,0.0053689327576,0.200567988016,-1.30541765049,0.918854491943,1.60492739933,1.21913123117,1.65516527013,96.1476745605
2.225000,0.00498543756063,0.200951483213,-1.30695163128,0.918470996746,1.60416040893,1.21913123117,1.65554876533,96.1476745605
2.230000,0.00498543756063,0.200951483213,-1.30580114569,0.918470996746,1.60492739933,1.21874773597,1.65554876533,96.1476745605
2.235000,0.00498543756063,0.200951483213,-1.30580114569,0.918470996746,1.60492739933,1.21874773597,1.65554876533,96.1476745605
2.240000,0.00498543756063,0.200951483213,-1.30580114569,0.918470996746,1.60492739933,1.21874773597,1.65554876533,96.1476745605
2.245000,0.00460194236366,0.200567988016,-1.30618464088,0.918087501549,1.60416040893,1.21874773597,1.65516527013,96.1476745605
2.250000,0.00498543756063,0.20133497841,-1.30618464088,0.918087501549,1.60339341854,1.21874773597,1.65516527013,96.1476745605
2.255000,0.00498543756063,0.20133497841,-1.30580114569,0.918087501549,1.60377691373,1.21874773597,1.65516527013,96.1476745605
2.260000,0.00498543756063,0.20133497841,-1.30580114569,0.918087501549,1.60377691373,1.21874773597,1.65516527013,96.1476745605
2.265000,0.00498543756063,0.20133497841,-1.30580114569,0.918087501549,1.60377691373,1.21874773597,1.65516527013,96.1476745605
2.270000,0.00345145677274,0.200567988016,-1.30618464088,0.918470996746,1.60377691373,1.21874773597,1.65516527013,96.1476745605
2.275000,0.00345145677274,0.201718473607,-1.30580114569,0.918087501549,1.60377691373,1.21913123117,1.65478177493,96.1476745605
2.280000,0.00345145677274,0.201718473607,-1.30580114569,0.918087501549,1.60377691373,1.21913123117,1.65478177493,96.1476745605
2.285000,0.00383495196971,0.200567988016,-1.30541765049,0.918087501549,1.60416040893,1.21874773597,1.65554876533,96.1476745605
2.290000,0.00383495196971,0.200567988016,-1.30541765049,0.918087501549,1.60416040893,1.21874773597,1.65554876533,96.1476745605
2.295000,0.00383495196971,0.200567988016,-1.30541765049,0.918087501549,1.60416040893,1.21874773597,1.65554876533,96.1476745605
2.300000,0.00383495196971,0.200567988016,-1.30541765049,0.917704006352,1.60300992334,1.21913123117,1.65593226052,96.1476745605
2.305000,0.00383495196971,0.200951483213,-1.30695163128,0.918470996746,1.60377691373,1.21989822157,1.65593226052,96.1476745605
2.310000,0.0026844663788,0.20133497841,-1.30656813608,0.917704006352,1.60300992334,1.21874773597,1.65554876533,96.1476745605
2.315000,0.0026844663788,0.20133497841,-1.30656813608,0.917704006352,1.60300992334,1.21874773597,1.65554876533,96.1476745605
2.320000,0.0026844663788,0.20133497841,-1.30656813608,0.917704006352,1.60300992334,1.21874773597,1.65554876533,96.1476745605
2.325000,0.0026844663788,0.20133497841,-1.30656813608,0.917704006352,1.60300992334,1.21874773597,1.65554876533,96.1476745605
2.330000,0.0026844663788,0.20133497841,-1.30656813608,0.917704006352,1.60300992334,1.21874773597,1.65554876533,96.1476745605
2.335000,0.0026844663788,0.20133497841,-1.30656813608,0.917704006352,1.60300992334,1.21874773597,1.65554876533,96.1476745605
2.340000,0.0026844663788,0.20133497841,-1.30656813608,0.917704006352,1.60300992334,1.21874773597,1.65554876533,96.1476745605
2.345000,0.00306796157577,0.20133497841,-1.30503415529,0.918470996746,1.60416040893,1.21989822157,1.65593226052,96.1476745605
2.350000,0.0026844663788,0.20133497841,-1.3046506601,0.917704006352,1.60454390413,1.21951472637,1.65554876533,96.1476745605
2.355000,0.0026844663788,0.20133497841,-1.3046506601,0.917704006352,1.60454390413,1.21951472637,1.65554876533,96.1476745605
2.360000,0.0026844663788,0.20133497841,-1.3046506601,0.917704006352,1.60454390413,1.21951472637,1.65554876533,96.1476745605
2.365000,0.0026844663788,0.200951483213,-1.3046506601,0.918087501549,1.60377691373,1.21951472637,1.65516527013,96.1476745605
2.370000,0.0026844663788,0.200951483213,-1.3046506601,0.918087501549,1.60377691373,1.21951472637,1.65516527013,96.1476745605
2.375000,0.0026844663788,0.200951483213,-1.3046506601,0.918087501549,1.60377691373,1.21951472637,1.65516527013,96.1476745605
2.380000,0.00230097118183,0.200951483213,-1.3046506601,0.918087501549,1.60377691373,1.21989822157,1.65593226052,96.1476745605
2.385000,0.00230097118183,0.200951483213,-1.3046506601,0.918087501549,1.60377691373,1.21989822157,1.65593226052,96.1476745605
