time,left_s0,left_s1,left_e0,left_e1,left_w0,left_w1,left_w2,left_gripper
0.000000,-0.0471699092275,-0.997471007322,-1.16045646604,1.95544200936,0.681470965018,1.0385049934,-0.496242784881,4.01284122467
0.005000,-0.0471699092275,-0.997471007322,-1.16045646604,1.95544200936,0.681470965018,1.0385049934,-0.496242784881,4.01284122467
0.010000,-0.0471699092275,-0.997471007322,-1.16045646604,1.95544200936,0.681470965018,1.0385049934,-0.496242784881,4.01284122467
0.015000,-0.0471699092275,-0.997087512126,-1.16007297084,1.95697599014,0.680703974624,1.03965547899,-0.496626280078,4.01284122467
0.020000,-0.0475534044244,-0.996704016929,-1.15968947564,1.95582550455,0.681087469821,1.0385049934,-0.495859289684,4.01284122467
0.025000,-0.0467864140305,-0.997087512126,-1.16007297084,1.95659249495,0.680703974624,1.0388884886,-0.495859289684,4.01284122467
0.030000,-0.0467864140305,-0.997087512126,-1.16007297084,1.95659249495,0.680703974624,1.0388884886,-0.495859289684,4.01284122467
0.035000,-0.0467864140305,-0.997087512126,-1.16007297084,1.95659249495,0.680703974624,1.0388884886,-0.495859289684,4.01284122467
0.040000,-0.0464029188335,-0.997087512126,-1.15892248525,1.95735948534,0.681087469821,1.037738003,-0.494325308896,4.01284122467
0.045000,-0.0471699092275,-0.996320521732,-1.15853899005,1.95697599014,0.681470965018,1.03735450781,-0.494325308896,4.01284122467
0.050000,-0.0475534044244,-0.996704016929,-1.15815549485,1.95889346613,0.681470965018,1.03697101261,-0.494325308896,4.01284122467
0.055000,-0.0475534044244,-0.996704016929,-1.15815549485,1.95889346613,0.681470965018,1.03697101261,-0.494325308896,4.01284122467
0.060000,-0.0475534044244,-0.996704016929,-1.15815549485,1.95889346613,0.681470965018,1.03697101261,-0.494325308896,4.01284122467
0.065000,-0.0467864140305,-0.997471007322,-1.15777199966,1.95850997093,0.681470965018,1.03697101261,-0.492024337714,4.01284122467
0.070000,-0.0471699092275,-0.996320521732,-1.15815549485,1.95889346613,0.681087469821,1.03658751741,-0.490106861729,4.01284122467
0.075000,-0.0467864140305,-0.997087512126,-1.15738850446,1.95850997093,0.681087469821,1.03697101261,-0.486655404957,4.01284122467
0.080000,-0.0467864140305,-0.997087512126,-1.15738850446,1.95850997093,0.681087469821,1.03697101261,-0.486655404957,4.01284122467
0.085000,-0.0467864140305,-0.997087512126,-1.15738850446,1.95850997093,0.681087469821,1.03697101261,-0.486655404957,4.01284122467
0.090000,-0.0471699092275,-0.997854502519,-1.15623801887,1.95927696133,0.682237955412,1.03697101261,-0.48627190976,4.01284122467
0.095000,-0.0479368996214,-0.996704016929,-1.15508753328,1.95966045652,0.682237955412,1.03735450781,-0.485504919366,4.01284122467
0.100000,-0.0479368996214,-0.996320521732,-1.15547102847,1.95966045652,0.682237955412,1.03697101261,-0.485121424169,4.01284122467
0.105000,-0.0479368996214,-0.996320521732,-1.15547102847,1.95966045652,0.682237955412,1.03697101261,-0.485121424169,4.01284122467
0.110000,-0.0479368996214,-0.996320521732,-1.15547102847,1.95966045652,0.682237955412,1.03697101261,-0.485121424169,4.01284122467
0.115000,-0.0475534044244,-0.997087512126,-1.15432054288,1.95850997093,0.681470965018,1.03620402222,-0.485888414563,4.01284122467
0.120000,-0.0479368996214,-0.997471007322,-1.15393704769,1.95966045652,0.681470965018,1.03735450781,-0.485504919366,4.01284122467
0.125000,-0.0475534044244,-0.997087512126,-1.15355355249,1.95889346613,0.681854460215,1.03620402222,-0.485888414563,4.01284122467
0.130000,-0.0475534044244,-0.997087512126,-1.15355355249,1.95889346613,0.681854460215,1.03620402222,-0.485888414563,4.01284122467
0.135000,-0.0475534044244,-0.997087512126,-1.15355355249,1.95889346613,0.681854460215,1.03620402222,-0.485888414563,4.01284122467
0.140000,-0.0475534044244,-0.996320521732,-1.1524030669,1.95850997093,0.682237955412,1.03620402222,-0.485504919366,4.01284122467
0.145000,-0.0471699092275,-0.997471007322,-1.1524030669,1.96004395172,0.681470965018,1.03620402222,-0.485121424169,4.01284122467
0.150000,-0.0471699092275,-0.997471007322,-1.15125258131,1.95966045652,0.681854460215,1.03620402222,-0.484354433775,4.01284122467
0.155000,-0.0471699092275,-0.997471007322,-1.15125258131,1.95966045652,0.681854460215,1.03620402222,-0.484354433775,4.01284122467
0.160000,-0.0471699092275,-0.997471007322,-1.15125258131,1.95966045652,0.681854460215,1.03620402222,-0.484354433775,4.01284122467
0.165000,-0.0471699092275,-0.996704016929,-1.15048559091,1.95850997093,0.681470965018,1.03467004143,-0.484737928972,4.01284122467
0.170000,-0.0479368996214,-0.996704016929,-1.15010209572,1.95850997093,0.681854460215,1.03467004143,-0.485121424169,4.01284122467
0.175000,-0.0471699092275,-0.996320521732,-1.14933510532,1.95966045652,0.681087469821,1.03428654623,-0.485504919366,4.01284122467
0.180000,-0.0471699092275,-0.996320521732,-1.14933510532,1.95966045652,0.681087469821,1.03428654623,-0.485504919366,4.01284122467
0.185000,-0.0471699092275,-0.996320521732,-1.14933510532,1.95966045652,0.681087469821,1.03428654623,-0.485504919366,4.01284122467
0.190000,-0.0475534044244,-0.997087512126,-1.14818461973,1.95850997093,0.681854460215,1.03351955584,-0.484354433775,4.01284122467
0.195000,-0.0471699092275,-0.996704016929,-1.14780112454,1.95774298054,0.681470965018,1.03428654623,-0.485121424169,4.01284122467
0.200000,-0.0467864140305,-0.997087512126,-1.14703413414,1.95850997093,0.682237955412,1.03351955584,-0.483587443381,4.01284122467
0.205000,-0.0467864140305,-0.997087512126,-1.14703413414,1.95850997093,0.682237955412,1.03351955584,-0.483587443381,4.01284122467
0.210000,-0.0467864140305,-0.997087512126,-1.14703413414,1.95850997093,0.682237955412,1.03351955584,-0.483587443381,4.01284122467
0.215000,-0.0467864140305,-0.996320521732,-1.14511665816,1.96042744692,0.681854460215,1.03236907025,-0.483203948184,4.01284122467
0.220000,-0.0475534044244,-0.995937026535,-1.14473316296,1.95889346613,0.681854460215,1.03045159426,-0.482053462593,4.01284122467
0.225000,-0.0475534044244,-0.995553531338,-1.14473316296,1.95889346613,0.681470965018,1.03045159426,-0.483587443381,4.01284122467
0.230000,-0.0475534044244,-0.995553531338,-1.14473316296,1.95889346613,0.681470965018,1.03045159426,-0.483587443381,4.01284122467
0.235000,-0.0475534044244,-0.995553531338,-1.14473316296,1.95889346613,0.681470965018,1.03045159426,-0.483587443381,4.01284122467
0.240000,-0.0475534044244,-0.995553531338,-1.14281568697,1.96004395172,0.681854460215,1.02738363269,-0.483970938578,4.01284122467
0.245000,-0.0467864140305,-0.995170036141,-1.14204869658,1.96081094211,0.681470965018,1.02776712788,-0.483203948184,4.01284122467
0.250000,-0.0471699092275,-0.995937026535,-1.14128170619,1.95889346613,0.681854460215,1.02700013749,-0.483970938578,4.01284122467
0.255000,-0.0471699092275,-0.995937026535,-1.14128170619,1.95889346613,0.681854460215,1.02700013749,-0.483970938578,4.01284122467
0.260000,-0.0471699092275,-0.995937026535,-1.14128170619,1.95889346613,0.681854460215,1.02700013749,-0.483970938578,4.01284122467
0.265000,-0.0471699092275,-0.995170036141,-1.1397477254,1.96042744692,0.681854460215,1.02431567111,-0.483203948184,4.01284122467
0.270000,-0.0475534044244,-0.995170036141,-1.1393642302,1.96119443731,0.681470965018,1.02278169032,-0.483203948184,4.01284122467
0.275000,-0.0464029188335,-0.995553531338,-1.13821374461,1.96157793251,0.681470965018,1.02239819513,-0.481669967396,4.01284122467
0.280000,-0.0464029188335,-0.995553531338,-1.13821374461,1.96157793251,0.681470965018,1.02239819513,-0.481669967396,4.01284122467
0.285000,-0.0464029188335,-0.995553531338,-1.13821374461,1.96157793251,0.681470965018,1.02239819513,-0.481669967396,4.01284122467
0.290000,-0.0467864140305,-0.995170036141,-1.13629626863,1.9623449229,0.681854460215,1.01933023355,-0.483203948184,4.01284122467
0.295000,-0.0475534044244,-0.995553531338,-1.13552927823,1.9623449229,0.681854460215,1.01779625276,-0.483587443381,4.01284122467
0.300000,-0.0467864140305,-0.995937026535,-1.13476228784,1.96196142771,0.682237955412,1.01664576717,-0.483203948184,4.01284122467
0.305000,-0.0467864140305,-0.995937026535,-1.13476228784,1.96196142771,0.682237955412,1.01664576717,-0.483203948184,4.01284122467
0.310000,-0.0467864140305,-0.995937026535,-1.13476228784,1.96196142771,0.682237955412,1.01664576717,-0.483203948184,4.01284122467
0.315000,-0.0479368996214,-0.994786540944,-1.13169432626,1.96157793251,0.681470965018,1.01242732,-0.482053462593,4.01284122467
0.320000,-0.0475534044244,-0.995170036141,-1.13092733587,1.96196142771,0.681854460215,1.01127683441,-0.482820452987,4.01284122467
0.325000,-0.0479368996214,-0.995170036141,-1.12977685028,1.96157793251,0.681854460215,1.01089333922,-0.481669967396,4.01284122467
0.330000,-0.0479368996214,-0.995170036141,-1.12977685028,1.96157793251,0.681854460215,1.01089333922,-0.481669967396,4.01284122467
0.335000,-0.0479368996214,-0.995170036141,-1.12977685028,1.96157793251,0.681854460215,1.01089333922,-0.481669967396,4.01284122467
0.340000,-0.0475534044244,-0.99401955055,-1.12785937429,1.96541288448,0.681087469821,1.00667489205,-0.483587443381,4.01284122467
0.345000,-0.0479368996214,-0.994786540944,-1.1267088887,1.96426239889,0.681854460215,1.00437392087,-0.484354433775,4.01284122467
0.350000,-0.0487038900154,-0.994786540944,-1.12594189831,1.96387890369,0.681470965018,1.00245644488,-0.48243695779,4.01284122467
0.355000,-0.0487038900154,-0.994786540944,-1.12594189831,1.96387890369,0.681470965018,1.00245644488,-0.48243695779,4.01284122467
0.360000,-0.0487038900154,-0.994786540944,-1.12594189831,1.96387890369,0.681470965018,1.00245644488,-0.48243695779,4.01284122467
0.365000,-0.0483203948184,-0.99401955055,-1.12172345114,1.96464589408,0.681854460215,0.998621492913,-0.48243695779,4.01284122467
0.370000,-0.0487038900154,-0.993636055353,-1.12133995594,1.96502938928,0.681854460215,0.997087512126,-0.48243695779,4.01284122467
0.375000,-0.0483203948184,-0.993636055353,-1.11980597516,1.96541288448,0.681087469821,0.995170036141,-0.48243695779,4.01284122467
0.380000,-0.0483203948184,-0.993636055353,-1.11980597516,1.96541288448,0.681087469821,0.995170036141,-0.48243695779,4.01284122467
0.385000,-0.0483203948184,-0.993636055353,-1.11980597516,1.96541288448,0.681087469821,0.995170036141,-0.48243695779,4.01284122467
0.390000,-0.0483203948184,-0.993636055353,-1.11635451838,1.96656337007,0.681854460215,0.99018459858,-0.482820452987,4.01284122467
0.395000,-0.0490873852123,-0.992869064959,-1.1144370424,1.96656337007,0.682237955412,0.988650617792,-0.482820452987,4.01284122467
0.400000,-0.0487038900154,-0.992869064959,-1.1144370424,1.96771385566,0.682237955412,0.988267122595,-0.48243695779,4.01284122467
0.405000,-0.0487038900154,-0.992869064959,-1.1144370424,1.96771385566,0.682237955412,0.988267122595,-0.48243695779,4.01284122467
0.410000,-0.0487038900154,-0.992869064959,-1.1144370424,1.96771385566,0.682237955412,0.988267122595,-0.48243695779,4.01284122467
0.415000,-0.0487038900154,-0.992485569762,-1.11098558563,1.96771385566,0.681854460215,0.983281685035,-0.483587443381,4.01284122467
0.420000,-0.0498543756063,-0.992485569762,-1.10906810964,1.96924783645,0.681087469821,0.982131199444,-0.48243695779,4.01284122467
0.425000,-0.0494708804093,-0.992102074565,-1.10791762405,1.96848084605,0.681854460215,0.980980713853,-0.48243695779,4.01284122467
0.430000,-0.0494708804093,-0.992102074565,-1.10791762405,1.96848084605,0.681854460215,0.980980713853,-0.48243695779,4.01284122467
0.435000,-0.0494708804093,-0.992102074565,-1.10791762405,1.96848084605,0.681854460215,0.980980713853,-0.48243695779,4.01284122467
0.440000,-0.0494708804093,-0.99018459858,-1.10408267208,1.97078181724,0.681087469821,0.976762266686,-0.482053462593,4.01284122467
0.445000,-0.0494708804093,-0.99018459858,-1.10254869129,1.97039832204,0.682237955412,0.975611781095,-0.48243695779,4.01284122467
0.450000,-0.0490873852123,-0.99018459858,-1.1021651961,1.97154880763,0.681470965018,0.97369430511,-0.482053462593,4.01284122467
0.455000,-0.0490873852123,-0.99018459858,-1.1021651961,1.97154880763,0.681470965018,0.97369430511,-0.482053462593,4.01284122467
0.460000,-0.0490873852123,-0.99018459858,-1.1021651961,1.97154880763,0.681470965018,0.97369430511,-0.482053462593,4.01284122467
0.465000,-0.0506213660002,-0.989417608186,-1.09756325373,1.97154880763,0.680703974624,0.969475857944,-0.482820452987,4.01284122467
0.470000,-0.0498543756063,-0.988267122595,-1.09602927294,1.97231579802,0.681854460215,0.96870886755,-0.48243695779,4.01284122467
0.475000,-0.0498543756063,-0.989034112989,-1.09526228255,1.97308278842,0.681854460215,0.967941877156,-0.482820452987,4.01284122467
0.480000,-0.0498543756063,-0.989034112989,-1.09526228255,1.97308278842,0.681854460215,0.967941877156,-0.482820452987,4.01284122467
0.485000,-0.0498543756063,-0.989034112989,-1.09526228255,1.97308278842,0.681854460215,0.967941877156,-0.482820452987,4.01284122467
0.490000,-0.0510048611972,-0.987500132201,-1.09066034019,1.97461676921,0.681470965018,0.96487391558,-0.48243695779,4.01284122467
0.495000,-0.0506213660002,-0.98634964661,-1.0891263594,1.9753837596,0.681854460215,0.963339934792,-0.482820452987,4.01284122467
0.500000,-0.0506213660002,-0.987116637004,-1.08797587381,1.9750002644,0.681470965018,0.962189449201,-0.48243695779,4.01284122467
0.505000,-0.0506213660002,-0.987116637004,-1.08797587381,1.9750002644,0.681470965018,0.962189449201,-0.48243695779,4.01284122467
0.510000,-0.0506213660002,-0.987116637004,-1.08797587381,1.9750002644,0.681470965018,0.962189449201,-0.48243695779,4.01284122467
0.515000,-0.0510048611972,-0.984432170625,-1.08414092184,1.97653424519,0.682237955412,0.957971002034,-0.482820452987,4.01284122467
0.520000,-0.0513883563942,-0.983281685035,-1.08183995066,1.97730123558,0.681087469821,0.956437021247,-0.482053462593,4.01284122467
0.525000,-0.0506213660002,-0.983665180232,-1.08107296026,1.97768473078,0.681470965018,0.955286535656,-0.482820452987,4.01284122467
0.530000,-0.0506213660002,-0.983665180232,-1.08107296026,1.97768473078,0.681470965018,0.955286535656,-0.482820452987,4.01284122467
0.535000,-0.0506213660002,-0.983665180232,-1.08107296026,1.97768473078,0.681470965018,0.955286535656,-0.482820452987,4.01284122467
0.540000,-0.0510048611972,-0.980980713853,-1.07723800829,1.97960220677,0.681854460215,0.951068088489,-0.48243695779,4.01284122467
0.545000,-0.0517718515911,-0.980597218656,-1.07417004672,1.97960220677,0.681470965018,0.949534107701,-0.482820452987,4.01284122467
0.550000,-0.0513883563942,-0.979830228262,-1.07340305632,1.97960220677,0.681470965018,0.949150612504,-0.48243695779,4.01284122467
0.555000,-0.0513883563942,-0.979830228262,-1.07340305632,1.97960220677,0.681470965018,0.949150612504,-0.48243695779,4.01284122467
0.560000,-0.0513883563942,-0.979830228262,-1.07340305632,1.97960220677,0.681470965018,0.949150612504,-0.48243695779,4.01284122467
0.565000,-0.0521553467881,-0.977145761883,-1.06956810435,1.98228667314,0.681854460215,0.945315660534,-0.48243695779,4.01284122467
0.570000,-0.0525388419851,-0.975995276292,-1.06765062837,1.98267016834,0.681470965018,0.945315660534,-0.48243695779,4.01284122467
0.575000,-0.0517718515911,-0.975611781095,-1.06650014278,1.98267016834,0.682237955412,0.94454867014,-0.48243695779,4.01284122467
0.580000,-0.0517718515911,-0.975611781095,-1.06650014278,1.98267016834,0.682237955412,0.94454867014,-0.48243695779,4.01284122467
0.585000,-0.0517718515911,-0.975611781095,-1.06650014278,1.98267016834,0.682237955412,0.94454867014,-0.48243695779,4.01284122467
0.590000,-0.0517718515911,-0.973310809913,-1.06113121002,1.98458764433,0.681854460215,0.941864203762,-0.482820452987,4.01284122467
0.595000,-0.0525388419851,-0.971776829125,-1.06036421963,1.98535463472,0.683388441003,0.940713718171,-0.481669967396,4.01284122467
0.600000,-0.0525388419851,-0.970626343534,-1.05844674364,1.98650512031,0.683004945806,0.93956323258,-0.48243695779,4.01284122467
0.605000,-0.0525388419851,-0.970626343534,-1.05844674364,1.98650512031,0.683004945806,0.93956323258,-0.48243695779,4.01284122467
0.610000,-0.0525388419851,-0.970626343534,-1.05844674364,1.98650512031,0.683004945806,0.93956323258,-0.48243695779,4.01284122467
0.615000,-0.0521553467881,-0.96870886755,-1.05346130608,1.98727211071,0.684922421791,0.936111775807,-0.482820452987,4.01284122467
0.620000,-0.0525388419851,-0.967558381959,-1.05192732529,1.98688861551,0.685305916988,0.936111775807,-0.483203948184,4.01284122467
0.625000,-0.0521553467881,-0.966024401171,-1.0507768397,1.98880609149,0.686456402579,0.935344785413,-0.48243695779,4.01284122467
0.630000,-0.0521553467881,-0.966024401171,-1.0507768397,1.98880609149,0.686456402579,0.935344785413,-0.48243695779,4.01284122467
0.635000,-0.0521553467881,-0.966024401171,-1.0507768397,1.98880609149,0.686456402579,0.935344785413,-0.48243695779,4.01284122467
0.640000,-0.0525388419851,-0.962189449201,-1.04655839253,1.99072356748,0.687990383367,0.931126338246,-0.48243695779,4.01284122467
0.645000,-0.0521553467881,-0.961422458807,-1.04425742135,1.99110706268,0.690291354548,0.929975852656,-0.48243695779,4.01284122467
0.650000,-0.0521553467881,-0.959888478019,-1.04272344057,1.99072356748,0.690674849745,0.929208862262,-0.482820452987,4.01284122467
0.655000,-0.0521553467881,-0.959888478019,-1.04272344057,1.99072356748,0.690674849745,0.929208862262,-0.482820452987,4.01284122467
0.660000,-0.0521553467881,-0.959888478019,-1.04272344057,1.99072356748,0.690674849745,0.929208862262,-0.482820452987,4.01284122467
0.665000,-0.0517718515911,-0.956437021247,-1.0385049934,1.99340803386,0.694126306518,0.925757405489,-0.48243695779,4.01284122467
0.670000,-0.052922337182,-0.955286535656,-1.03697101261,1.99379152905,0.694893296912,0.924990415095,-0.48243695779,4.01284122467
0.675000,-0.0525388419851,-0.954519545262,-1.03658751741,1.99455851945,0.695276792109,0.924606919898,-0.48243695779,4.01284122467
0.680000,-0.0525388419851,-0.954519545262,-1.03658751741,1.99455851945,0.695276792109,0.924606919898,-0.48243695779,4.01284122467
0.685000,-0.0525388419851,-0.954519545262,-1.03658751741,1.99455851945,0.695276792109,0.924606919898,-0.48243695779,4.01284122467
0.690000,-0.0525388419851,-0.950684593292,-1.03083508946,1.99609250024,0.696810772897,0.921155463125,-0.482820452987,4.01284122467
0.695000,-0.0525388419851,-0.949150612504,-1.02968460387,1.99609250024,0.696043782503,0.918854491943,-0.483203948184,4.01284122467
0.700000,-0.0517718515911,-0.948000126913,-1.02776712788,1.99609250024,0.6964272777,0.917320511155,-0.482820452987,4.01284122467
0.705000,-0.0517718515911,-0.948000126913,-1.02776712788,1.99609250024,0.6964272777,0.917320511155,-0.482820452987,4.01284122467
0.710000,-0.0517718515911,-0.948000126913,-1.02776712788,1.99609250024,0.6964272777,0.917320511155,-0.482820452987,4.01284122467
0.715000,-0.0513883563942,-0.94339818455,-1.02316518552,1.99685949063,0.696810772897,0.912335073595,-0.483970938578,4.01284122467
0.720000,-0.0517718515911,-0.941480708565,-1.02124770953,1.99762648102,0.697194268094,0.910801092807,-0.482820452987,4.01284122467
0.725000,-0.0521553467881,-0.940330222974,-1.02009722394,1.99839347142,0.698344753685,0.908500121625,-0.48243695779,4.01284122467
0.730000,-0.0521553467881,-0.940330222974,-1.02009722394,1.99839347142,0.698344753685,0.908500121625,-0.48243695779,4.01284122467
0.735000,-0.0521553467881,-0.940330222974,-1.02009722394,1.99839347142,0.698344753685,0.908500121625,-0.48243695779,4.01284122467
0.740000,-0.0521553467881,-0.936111775807,-1.01549528158,1.99839347142,0.698344753685,0.904281674458,-0.482820452987,4.01284122467
0.745000,-0.0513883563942,-0.934194299822,-1.0135778056,1.99762648102,0.698344753685,0.901980703277,-0.483203948184,4.01284122467
0.750000,-0.0517718515911,-0.93189332864,-1.01166032961,1.99877696661,0.698344753685,0.900063227292,-0.48243695779,4.01284122467
0.755000,-0.0517718515911,-0.93189332864,-1.01166032961,1.99877696661,0.698344753685,0.900063227292,-0.48243695779,4.01284122467
0.760000,-0.0517718515911,-0.93189332864,-1.01166032961,1.99877696661,0.698344753685,0.900063227292,-0.48243695779,4.01284122467
0.765000,-0.0513883563942,-0.92690789108,-1.00667489205,1.99877696661,0.698344753685,0.893160313746,-0.48243695779,4.01284122467
0.770000,-0.0525388419851,-0.926140900686,-1.00514091126,1.99992745221,0.698344753685,0.891242837761,-0.48243695779,4.01284122467
0.775000,-0.0513883563942,-0.923456434307,-1.00360693047,1.99839347142,0.699495239276,0.889708856974,-0.482053462593,4.01284122467
0.780000,-0.0513883563942,-0.923456434307,-1.00360693047,1.99839347142,0.699495239276,0.889708856974,-0.482053462593,4.01284122467
0.785000,-0.0513883563942,-0.923456434307,-1.00360693047,1.99839347142,0.699495239276,0.889708856974,-0.482053462593,4.01284122467
0.790000,-0.0513883563942,-0.918087501549,-0.998237997716,1.99916046181,0.699878734473,0.881655457837,-0.482820452987,4.01284122467
0.795000,-0.0517718515911,-0.916553520762,-0.996704016929,1.99954395701,0.697961258488,0.878587496261,-0.482053462593,4.01284122467
0.800000,-0.0513883563942,-0.914636044777,-0.995170036141,1.99839347142,0.70026222967,0.877053515473,-0.48243695779,4.01284122467
0.805000,-0.0513883563942,-0.914636044777,-0.995170036141,1.99839347142,0.70026222967,0.877053515473,-0.48243695779,4.01284122467
0.810000,-0.0513883563942,-0.914636044777,-0.995170036141,1.99839347142,0.70026222967,0.877053515473,-0.48243695779,4.01284122467
0.815000,-0.0510048611972,-0.908883616822,-0.991335084171,1.99954395701,0.70026222967,0.869383611534,-0.48243695779,4.01284122467
0.820000,-0.0510048611972,-0.906966140837,-0.989417608186,1.99839347142,0.698728248882,0.867466135549,-0.482820452987,4.01284122467
0.825000,-0.0521553467881,-0.905048664852,-0.987883627398,1.99877696661,0.699495239276,0.86478166917,-0.483203948184,4.01284122467
0.830000,-0.0521553467881,-0.905048664852,-0.987883627398,1.99877696661,0.699495239276,0.86478166917,-0.483203948184,4.01284122467
0.835000,-0.0521553467881,-0.905048664852,-0.987883627398,1.99877696661,0.699495239276,0.86478166917,-0.483203948184,4.01284122467
0.840000,-0.0513883563942,-0.899679732095,-0.983665180232,1.99877696661,0.699878734473,0.85596127964,-0.482053462593,4.01284122467
0.845000,-0.0517718515911,-0.89776225611,-0.982131199444,1.99877696661,0.699878734473,0.854427298852,-0.483203948184,4.01284122467
0.850000,-0.0517718515911,-0.895844780125,-0.980213723459,1.99916046181,0.699495239276,0.85212632767,-0.482053462593,4.01284122467
0.855000,-0.0517718515911,-0.895844780125,-0.980213723459,1.99916046181,0.699495239276,0.85212632767,-0.482053462593,4.01284122467
0.860000,-0.0517718515911,-0.895844780125,-0.980213723459,1.99916046181,0.699495239276,0.85212632767,-0.482053462593,4.01284122467
0.865000,-0.0513883563942,-0.889708856974,-0.975995276292,1.99877696661,0.701796210458,0.843689433337,-0.483203948184,4.01284122467
0.870000,-0.0513883563942,-0.887407885792,-0.974077800307,1.99839347142,0.702179705655,0.840621471761,-0.48243695779,4.01284122467
0.875000,-0.0506213660002,-0.885490409807,-0.97369430511,1.99800997622,0.702179705655,0.837937005382,-0.483203948184,4.01284122467
0.880000,-0.0506213660002,-0.885490409807,-0.97369430511,1.99800997622,0.702179705655,0.837937005382,-0.483203948184,4.01284122467
0.885000,-0.0506213660002,-0.885490409807,-0.97369430511,1.99800997622,0.702179705655,0.837937005382,-0.483203948184,4.01284122467
0.890000,-0.0513883563942,-0.878587496261,-0.967941877156,1.99800997622,0.704097181639,0.828733120655,-0.482053462593,4.01284122467
0.895000,-0.0513883563942,-0.876670020277,-0.967174886762,1.99724298583,0.706014657624,0.826432149473,-0.482053462593,4.01284122467
0.900000,-0.0513883563942,-0.874752544292,-0.965257410777,1.99762648102,0.706014657624,0.823364187897,-0.482053462593,4.01284122467
0.905000,-0.0513883563942,-0.874752544292,-0.965257410777,1.99762648102,0.706014657624,0.823364187897,-0.482053462593,4.01284122467
0.910000,-0.0513883563942,-0.874752544292,-0.965257410777,1.99762648102,0.706014657624,0.823364187897,-0.482053462593,4.01284122467
0.915000,-0.0510048611972,-0.868233125943,-0.960271973216,1.99685949063,0.709849609594,0.81416030317,-0.482820452987,4.01284122467
0.920000,-0.0517718515911,-0.865932154761,-0.959504982822,1.99685949063,0.711383590382,0.811475836791,-0.482053462593,4.01284122467
0.925000,-0.0510048611972,-0.864398173973,-0.957971002034,1.99685949063,0.71291757117,0.808791370413,-0.482820452987,4.01284122467
0.930000,-0.0510048611972,-0.864398173973,-0.957971002034,1.99685949063,0.71291757117,0.808791370413,-0.482820452987,4.01284122467
0.935000,-0.0510048611972,-0.864398173973,-0.957971002034,1.99685949063,0.71291757117,0.808791370413,-0.482820452987,4.01284122467
0.940000,-0.0521553467881,-0.858262250822,-0.953369059671,1.99724298583,0.717519513533,0.799587485685,-0.48243695779,4.01284122467
0.945000,-0.052922337182,-0.855194289246,-0.95221857408,1.99762648102,0.719053494321,0.797286514503,-0.483587443381,4.01284122467
0.950000,-0.0525388419851,-0.853276813261,-0.950301098095,1.99762648102,0.722504951094,0.794218552928,-0.48243695779,4.01284122467
0.955000,-0.0525388419851,-0.853276813261,-0.950301098095,1.99762648102,0.722504951094,0.794218552928,-0.48243695779,4.01284122467
0.960000,-0.0525388419851,-0.853276813261,-0.950301098095,1.99762648102,0.722504951094,0.794218552928,-0.48243695779,4.01284122467
0.965000,-0.0517718515911,-0.846757394913,-0.945699155731,1.99685949063,0.728257379049,0.786932144185,-0.482820452987,4.01284122467
0.970000,-0.0521553467881,-0.844456423731,-0.943781679747,1.99647599543,0.73055835023,0.783864182609,-0.48243695779,4.01284122467
0.975000,-0.0517718515911,-0.842155452549,-0.943014689353,1.99647599543,0.732092331018,0.781563211428,-0.48243695779,4.01284122467
0.980000,-0.0517718515911,-0.842155452549,-0.943014689353,1.99647599543,0.732092331018,0.781563211428,-0.48243695779,4.01284122467
0.985000,-0.0517718515911,-0.842155452549,-0.943014689353,1.99647599543,0.732092331018,0.781563211428,-0.48243695779,4.01284122467
0.990000,-0.052922337182,-0.835252539004,-0.938029251792,1.99647599543,0.740912720549,0.774660297882,-0.483203948184,4.01284122467
0.995000,-0.0525388419851,-0.832951567822,-0.936878766201,1.99647599543,0.744747672518,0.772742821897,-0.48243695779,4.01284122467
1.000000,-0.0525388419851,-0.83065059664,-0.935344785413,1.99455851945,0.747815634094,0.769291365125,-0.482820452987,4.01284122467
1.005000,-0.0525388419851,-0.83065059664,-0.935344785413,1.99455851945,0.747815634094,0.769291365125,-0.482820452987,4.01284122467
1.010000,-0.0525388419851,-0.83065059664,-0.935344785413,1.99455851945,0.747815634094,0.769291365125,-0.482820452987,4.01284122467
1.015000,-0.052922337182,-0.823747683094,-0.930359347853,1.99570900504,0.755869033231,0.7597039852,-0.48243695779,4.01284122467
1.020000,-0.052922337182,-0.821063216716,-0.929208862262,1.99609250024,0.760470975594,0.756636023624,-0.483203948184,4.01284122467
1.025000,-0.052922337182,-0.819145740731,-0.92690789108,1.99647599543,0.763155441973,0.753184566852,-0.483203948184,4.01284122467
1.030000,-0.052922337182,-0.819145740731,-0.92690789108,1.99647599543,0.763155441973,0.753184566852,-0.483203948184,4.01284122467
1.035000,-0.052922337182,-0.819145740731,-0.92690789108,1.99647599543,0.763155441973,0.753184566852,-0.483203948184,4.01284122467
1.040000,-0.052922337182,-0.812626322382,-0.921922453519,1.99609250024,0.774660297882,0.744364177321,-0.483587443381,4.01284122467
1.045000,-0.0525388419851,-0.810708846397,-0.921155463125,1.99685949063,0.778111754655,0.74206320614,-0.482820452987,4.01284122467
1.050000,-0.0525388419851,-0.808024380019,-0.91923798714,1.99685949063,0.781946706625,0.739762234958,-0.482820452987,4.01284122467
1.055000,-0.0525388419851,-0.808024380019,-0.91923798714,1.99685949063,0.781946706625,0.739762234958,-0.482820452987,4.01284122467
1.060000,-0.0525388419851,-0.808024380019,-0.91923798714,1.99685949063,0.781946706625,0.739762234958,-0.482820452987,4.01284122467
1.065000,-0.0521553467881,-0.800354476079,-0.914636044777,1.99647599543,0.792301076943,0.732092331018,-0.482053462593,4.01284122467
1.070000,-0.0521553467881,-0.798820495291,-0.913102063989,1.99647599543,0.795752533716,0.730941845427,-0.48243695779,4.01284122467
1.075000,-0.0521553467881,-0.796136028913,-0.911951578398,1.99609250024,0.799203990488,0.728640874246,-0.48243695779,4.01284122467
1.080000,-0.0521553467881,-0.796136028913,-0.911951578398,1.99609250024,0.799203990488,0.728640874246,-0.48243695779,4.01284122467
1.085000,-0.0521553467881,-0.796136028913,-0.911951578398,1.99609250024,0.799203990488,0.728640874246,-0.48243695779,4.01284122467
1.090000,-0.052922337182,-0.788466124973,-0.907733131231,1.99532550984,0.80917486561,0.722888446291,-0.482053462593,4.01284122467
1.095000,-0.0525388419851,-0.786548648988,-0.90658264564,1.99417502425,0.813009817579,0.720587475109,-0.482053462593,4.01284122467
1.100000,-0.0517718515911,-0.784247677806,-0.905048664852,1.99417502425,0.816844769549,0.718286503927,-0.482820452987,4.01284122467
1.105000,-0.0517718515911,-0.784247677806,-0.905048664852,1.99417502425,0.816844769549,0.718286503927,-0.482820452987,4.01284122467
1.110000,-0.0517718515911,-0.784247677806,-0.905048664852,1.99417502425,0.816844769549,0.718286503927,-0.482820452987,4.01284122467
1.115000,-0.0525388419851,-0.777344764261,-0.899296236898,1.99379152905,0.826048654276,0.714835047155,-0.482820452987,4.01284122467
1.120000,-0.0525388419851,-0.774660297882,-0.898529246504,1.99264104346,0.830267101443,0.713684561564,-0.482820452987,4.01284122467
1.125000,-0.0525388419851,-0.772742821897,-0.897378760913,1.99302453866,0.834102053413,0.713301066367,-0.483203948184,4.01284122467
1.130000,-0.0525388419851,-0.772742821897,-0.897378760913,1.99302453866,0.834102053413,0.713301066367,-0.483203948184,4.01284122467
1.135000,-0.0525388419851,-0.772742821897,-0.897378760913,1.99302453866,0.834102053413,0.713301066367,-0.483203948184,4.01284122467
1.140000,-0.0525388419851,-0.766223403549,-0.892393323352,1.99149055787,0.844839918928,0.710233104791,-0.483970938578,4.01284122467
1.145000,-0.0517718515911,-0.763922432367,-0.890092352171,1.98957308189,0.847524385307,0.709466114397,-0.483970938578,4.01284122467
1.150000,-0.0521553467881,-0.761621461185,-0.890475847367,1.99072356748,0.851359337276,0.7090826192,-0.483587443381,4.01284122467
1.155000,-0.0521553467881,-0.761621461185,-0.890475847367,1.99072356748,0.851359337276,0.7090826192,-0.483587443381,4.01284122467
1.160000,-0.0521553467881,-0.761621461185,-0.890475847367,1.99072356748,0.851359337276,0.7090826192,-0.483587443381,4.01284122467
1.165000,-0.0517718515911,-0.755485538034,-0.886257400201,1.98880609149,0.861713707595,0.708315628806,-0.483970938578,4.01284122467
1.170000,-0.0521553467881,-0.753951557246,-0.88510691461,1.98880609149,0.865165164367,0.707548638412,-0.482820452987,4.01284122467
1.175000,-0.0521553467881,-0.751650586064,-0.883956429019,1.98688861551,0.86861662114,0.707932133609,-0.482820452987,4.01284122467
1.180000,-0.0521553467881,-0.751650586064,-0.883956429019,1.98688861551,0.86861662114,0.707932133609,-0.482820452987,4.01284122467
1.185000,-0.0521553467881,-0.751650586064,-0.883956429019,1.98688861551,0.86861662114,0.707932133609,-0.482820452987,4.01284122467
1.190000,-0.0525388419851,-0.745898158109,-0.879354486655,1.98650512031,0.879737981852,0.708315628806,-0.484737928972,4.01284122467
1.195000,-0.0525388419851,-0.743597186927,-0.878204001064,1.98535463472,0.882422448231,0.708699124003,-0.483203948184,4.01284122467
1.200000,-0.0513883563942,-0.741296215746,-0.876670020277,1.98420414913,0.885490409807,0.7090826192,-0.483203948184,4.01284122467
1.205000,-0.0513883563942,-0.741296215746,-0.876670020277,1.98420414913,0.885490409807,0.7090826192,-0.483203948184,4.01284122467
1.210000,-0.0513883563942,-0.741296215746,-0.876670020277,1.98420414913,0.885490409807,0.7090826192,-0.483203948184,4.01284122467
1.215000,-0.0525388419851,-0.735927282988,-0.873218563504,1.98267016834,0.895844780125,0.709849609594,-0.483587443381,4.01284122467
1.220000,-0.0510048611972,-0.733626311806,-0.872068077913,1.98190317795,0.899296236898,0.710616599988,-0.483587443381,4.01284122467
1.225000,-0.0510048611972,-0.732092331018,-0.870917592322,1.98190317795,0.90159720808,0.711000095185,-0.483587443381,4.01284122467
1.230000,-0.0510048611972,-0.732092331018,-0.870917592322,1.98190317795,0.90159720808,0.711000095185,-0.483587443381,4.01284122467
1.235000,-0.0510048611972,-0.732092331018,-0.870917592322,1.98190317795,0.90159720808,0.711000095185,-0.483587443381,4.01284122467
1.240000,-0.0521553467881,-0.726723398261,-0.867082640352,1.97921871157,0.911184588004,0.711383590382,-0.483203948184,4.01284122467
1.245000,-0.0521553467881,-0.725189417473,-0.866315649958,1.97921871157,0.913485559186,0.711767085579,-0.483970938578,4.01284122467
1.250000,-0.0513883563942,-0.723655436685,-0.86478166917,1.97806822598,0.916553520762,0.711767085579,-0.483587443381,4.01284122467
1.255000,-0.0513883563942,-0.723655436685,-0.86478166917,1.97806822598,0.916553520762,0.711767085579,-0.483587443381,4.01284122467
1.260000,-0.0513883563942,-0.723655436685,-0.86478166917,1.97806822598,0.916553520762,0.711767085579,-0.483587443381,4.01284122467
1.265000,-0.0513883563942,-0.719053494321,-0.861713707595,1.97653424519,0.924990415095,0.711383590382,-0.483587443381,4.01284122467
1.270000,-0.0510048611972,-0.717519513533,-0.860179726807,1.97615074999,0.927291386277,0.712150580776,-0.483203948184,4.01284122467
1.275000,-0.0521553467881,-0.716369027942,-0.859029241216,1.9753837596,0.929975852656,0.711767085579,-0.482820452987,4.01284122467
1.280000,-0.0521553467881,-0.716369027942,-0.859029241216,1.9753837596,0.929975852656,0.711767085579,-0.482820452987,4.01284122467
1.285000,-0.0521553467881,-0.716369027942,-0.859029241216,1.9753837596,0.929975852656,0.711767085579,-0.482820452987,4.01284122467
1.290000,-0.0513883563942,-0.711000095185,-0.856344774837,1.97384977881,0.938796242186,0.712150580776,-0.482820452987,4.01284122467
1.295000,-0.0502378708032,-0.709849609594,-0.854427298852,1.97346628361,0.940713718171,0.712534075973,-0.483587443381,4.01284122467
1.300000,-0.0513883563942,-0.708315628806,-0.853660308458,1.97269929322,0.943014689353,0.710616599988,-0.483203948184,4.01284122467
1.305000,-0.0513883563942,-0.708315628806,-0.853660308458,1.97269929322,0.943014689353,0.710616599988,-0.483203948184,4.01284122467
1.310000,-0.0513883563942,-0.708315628806,-0.853660308458,1.97269929322,0.943014689353,0.710616599988,-0.483203948184,4.01284122467
1.315000,-0.0510048611972,-0.704864172033,-0.851742832473,1.97116531243,0.951451583686,0.711383590382,-0.483587443381,4.01284122467
1.320000,-0.0510048611972,-0.703330191245,-0.850208851685,1.97154880763,0.953752554868,0.711000095185,-0.483203948184,4.01284122467
1.325000,-0.0502378708032,-0.702563200852,-0.849058366095,1.97078181724,0.956820516444,0.710616599988,-0.483203948184,4.01284122467
1.330000,-0.0502378708032,-0.702563200852,-0.849058366095,1.97078181724,0.956820516444,0.710616599988,-0.483203948184,4.01284122467
1.335000,-0.0502378708032,-0.702563200852,-0.849058366095,1.97078181724,0.956820516444,0.710616599988,-0.483203948184,4.01284122467
1.340000,-0.0510048611972,-0.698728248882,-0.845606909322,1.97039832204,0.963723429989,0.711383590382,-0.483970938578,4.01284122467
1.345000,-0.0506213660002,-0.696810772897,-0.845223414125,1.96886434125,0.966407896368,0.711383590382,-0.483587443381,4.01284122467
1.350000,-0.0498543756063,-0.6964272777,-0.845606909322,1.96963133164,0.968325372353,0.711000095185,-0.483970938578,4.01284122467
1.355000,-0.0498543756063,-0.6964272777,-0.845606909322,1.96963133164,0.968325372353,0.711000095185,-0.483970938578,4.01284122467
1.360000,-0.0498543756063,-0.6964272777,-0.845606909322,1.96963133164,0.968325372353,0.711000095185,-0.483970938578,4.01284122467
1.365000,-0.0506213660002,-0.693359316124,-0.842538947746,1.96771385566,0.975611781095,0.711383590382,-0.483587443381,4.01284122467
1.370000,-0.0502378708032,-0.69259232573,-0.841388462155,1.96656337007,0.977912752277,0.711000095185,-0.483587443381,4.01284122467
1.375000,-0.0510048611972,-0.691825335336,-0.841771957352,1.96579637968,0.980597218656,0.711000095185,-0.483970938578,4.01284122467
1.380000,-0.0510048611972,-0.691825335336,-0.841771957352,1.96579637968,0.980597218656,0.711000095185,-0.483970938578,4.01284122467
1.385000,-0.0510048611972,-0.691825335336,-0.841771957352,1.96579637968,0.980597218656,0.711000095185,-0.483970938578,4.01284122467
1.390000,-0.0506213660002,-0.688757373761,-0.83947098617,1.96541288448,0.987116637004,0.711383590382,-0.483203948184,4.01284122467
1.395000,-0.0506213660002,-0.687990383367,-0.837937005382,1.96502938928,0.989801103383,0.711383590382,-0.483203948184,4.01284122467
1.400000,-0.0502378708032,-0.687990383367,-0.838320500579,1.96387890369,0.991718579368,0.711000095185,-0.483203948184,4.01284122467
1.405000,-0.0502378708032,-0.687990383367,-0.838320500579,1.96387890369,0.991718579368,0.711000095185,-0.483203948184,4.01284122467
1.410000,-0.0502378708032,-0.687990383367,-0.838320500579,1.96387890369,0.991718579368,0.711000095185,-0.483203948184,4.01284122467
1.415000,-0.0506213660002,-0.685689412185,-0.837170014988,1.9631119133,0.997087512126,0.711383590382,-0.483587443381,4.01284122467
1.420000,-0.0506213660002,-0.685305916988,-0.836019529398,1.96157793251,0.998621492913,0.711767085579,-0.483203948184,4.01284122467
1.425000,-0.0510048611972,-0.684922421791,-0.835252539004,1.96157793251,1.0005389689,0.711383590382,-0.483203948184,4.01284122467
1.430000,-0.0510048611972,-0.684922421791,-0.835252539004,1.96157793251,1.0005389689,0.711383590382,-0.483203948184,4.01284122467
1.435000,-0.0510048611972,-0.684922421791,-0.835252539004,1.96157793251,1.0005389689,0.711383590382,-0.483203948184,4.01284122467
1.440000,-0.0506213660002,-0.683004945806,-0.834102053413,1.96157793251,1.00629139685,0.711000095185,-0.483587443381,4.01284122467
1.445000,-0.0502378708032,-0.683004945806,-0.833335063019,1.95966045652,1.00859236803,0.711000095185,-0.483203948184,4.01284122467
1.450000,-0.0506213660002,-0.682621450609,-0.833335063019,1.96042744692,1.01050984402,0.711383590382,-0.483970938578,4.01284122467
1.455000,-0.0506213660002,-0.682621450609,-0.833335063019,1.96042744692,1.01050984402,0.711383590382,-0.483970938578,4.01284122467
1.460000,-0.0506213660002,-0.682621450609,-0.833335063019,1.96042744692,1.01050984402,0.711383590382,-0.483970938578,4.01284122467
1.465000,-0.0502378708032,-0.681087469821,-0.832184577428,1.95774298054,1.01549528158,0.711000095185,-0.482820452987,4.01284122467
1.470000,-0.0506213660002,-0.681470965018,-0.832184577428,1.95850997093,1.01626227197,0.711383590382,-0.483970938578,4.01284122467
1.475000,-0.0502378708032,-0.681087469821,-0.831801082231,1.95735948534,1.01817974796,0.711383590382,-0.483203948184,4.01284122467
1.480000,-0.0502378708032,-0.681087469821,-0.831801082231,1.95735948534,1.01817974796,0.711383590382,-0.483203948184,4.01284122467
1.485000,-0.0502378708032,-0.681087469821,-0.831801082231,1.95735948534,1.01817974796,0.711383590382,-0.483203948184,4.01284122467
1.490000,-0.0502378708032,-0.680320479427,-0.831034091837,1.95582550455,1.02239819513,0.711000095185,-0.483587443381,4.01284122467
1.495000,-0.0487038900154,-0.679553489033,-0.82681564467,1.95659249495,1.0262331471,0.709849609594,-0.483970938578,4.01284122467
1.500000,-0.0471699092275,-0.679553489033,-0.826048654276,1.95582550455,1.02700013749,0.709466114397,-0.483587443381,4.01284122467
1.505000,-0.0471699092275,-0.679553489033,-0.826048654276,1.95582550455,1.02700013749,0.709466114397,-0.483587443381,4.01284122467
1.510000,-0.0471699092275,-0.679553489033,-0.826048654276,1.95582550455,1.02700013749,0.709466114397,-0.483587443381,4.01284122467
1.515000,-0.0483203948184,-0.680320479427,-0.825281663882,1.95697599014,1.02661664229,0.709466114397,-0.483970938578,4.01284122467
1.520000,-0.0487038900154,-0.679553489033,-0.825665159079,1.95620899975,1.0254661567,0.709849609594,-0.483203948184,4.01284122467
1.525000,-0.0487038900154,-0.67993698423,-0.825665159079,1.95620899975,1.0254661567,0.709466114397,-0.483970938578,4.01284122467
1.530000,-0.0487038900154,-0.67993698423,-0.825665159079,1.95620899975,1.0254661567,0.709466114397,-0.483970938578,4.01284122467
1.535000,-0.0487038900154,-0.67993698423,-0.825665159079,1.95620899975,1.0254661567,0.709466114397,-0.483970938578,4.01284122467
1.540000,-0.0487038900154,-0.679553489033,-0.825281663882,1.95697599014,1.02278169032,0.708699124003,-0.483587443381,4.01284122467
1.545000,-0.0483203948184,-0.67993698423,-0.824898168685,1.95620899975,1.02278169032,0.708699124003,-0.483970938578,4.01284122467
1.550000,-0.0487038900154,-0.679553489033,-0.824131178291,1.95735948534,1.02163120473,0.7090826192,-0.483587443381,4.01284122467
1.555000,-0.0487038900154,-0.679553489033,-0.824131178291,1.95735948534,1.02163120473,0.7090826192,-0.483587443381,4.01284122467
1.560000,-0.0487038900154,-0.679553489033,-0.824131178291,1.95735948534,1.02163120473,0.7090826192,-0.483587443381,4.01284122467
1.565000,-0.0483203948184,-0.679553489033,-0.823747683094,1.95812647574,1.02201469993,0.708699124003,-0.483587443381,5.7784910202
1.570000,-0.0483203948184,-0.679553489033,-0.823364187897,1.95735948534,1.02201469993,0.707932133609,-0.483587443381,5.7784910202
1.575000,-0.0487038900154,-0.679169993836,-0.822597197504,1.95620899975,1.02278169032,0.708315628806,-0.483970938578,5.7784910202
1.580000,-0.0487038900154,-0.679169993836,-0.822597197504,1.95620899975,1.02278169032,0.708315628806,-0.483970938578,5.7784910202
1.585000,-0.0487038900154,-0.679169993836,-0.822597197504,1.95620899975,1.02278169032,0.708315628806,-0.483970938578,5.7784910202
1.590000,-0.0487038900154,-0.678403003442,-0.822597197504,1.95812647574,1.02239819513,0.708315628806,-0.483203948184,5.7784910202
1.595000,-0.0494708804093,-0.678786498639,-0.822213702307,1.95697599014,1.02201469993,0.707932133609,-0.482820452987,5.7784910202
1.600000,-0.0490873852123,-0.678403003442,-0.822213702307,1.95697599014,1.02201469993,0.707165143215,-0.483970938578,5.7784910202
1.605000,-0.0490873852123,-0.678403003442,-0.822213702307,1.95697599014,1.02201469993,0.707165143215,-0.483970938578,5.7784910202
1.610000,-0.0490873852123,-0.678403003442,-0.822213702307,1.95697599014,1.02201469993,0.707165143215,-0.483970938578,5.7784910202
1.615000,-0.0487038900154,-0.677636013048,-0.822213702307,1.95774298054,1.02316518552,0.706781648018,-0.483970938578,5.7784910202
1.620000,-0.0479368996214,-0.678019508245,-0.82183020711,1.95697599014,1.02239819513,0.707165143215,-0.483203948184,19.7431774139
1.625000,-0.0487038900154,-0.677252517851,-0.822213702307,1.95697599014,1.02239819513,0.706398152821,-0.483970938578,19.7431774139
1.630000,-0.0487038900154,-0.677252517851,-0.822213702307,1.95697599014,1.02239819513,0.706398152821,-0.483970938578,19.7431774139
1.635000,-0.0487038900154,-0.677252517851,-0.822213702307,1.95697599014,1.02239819513,0.706398152821,-0.483970938578,19.7431774139
1.640000,-0.0487038900154,-0.677252517851,-0.821063216716,1.95735948534,1.02239819513,0.706781648018,-0.484354433775,19.7431774139
1.645000,-0.0487038900154,-0.676869022654,-0.820679721519,1.95774298054,1.02316518552,0.706781648018,-0.483970938578,19.7431774139
1.650000,-0.0490873852123,-0.676485527457,-0.821446711913,1.95620899975,1.02163120473,0.706014657624,-0.483203948184,19.7431774139
1.655000,-0.0490873852123,-0.676485527457,-0.821446711913,1.95620899975,1.02163120473,0.706014657624,-0.483203948184,19.7431774139
1.660000,-0.0490873852123,-0.676485527457,-0.821446711913,1.95620899975,1.02163120473,0.706014657624,-0.483203948184,19.7431774139
1.665000,-0.0494708804093,-0.67610203226,-0.820679721519,1.95467501896,1.02239819513,0.706398152821,-0.483587443381,19.7431774139
1.670000,-0.0487038900154,-0.676485527457,-0.821063216716,1.95544200936,1.02201469993,0.706014657624,-0.483970938578,37.5601921082
1.675000,-0.0483203948184,-0.675718537064,-0.820296226322,1.95505851416,1.02316518552,0.706014657624,-0.483587443381,37.5601921082
1.680000,-0.0483203948184,-0.675718537064,-0.820296226322,1.95505851416,1.02316518552,0.706014657624,-0.483587443381,37.5601921082
1.685000,-0.0483203948184,-0.675718537064,-0.820296226322,1.95505851416,1.02316518552,0.706014657624,-0.483587443381,37.5601921082
1.690000,-0.0487038900154,-0.675335041867,-0.820296226322,1.95582550455,1.02393217591,0.706014657624,-0.483587443381,37.5601921082
1.695000,-0.0487038900154,-0.67495154667,-0.819912731125,1.95544200936,1.02393217591,0.706398152821,-0.483970938578,37.5601921082
1.700000,-0.0483203948184,-0.675335041867,-0.819912731125,1.95505851416,1.02393217591,0.707165143215,-0.482820452987,37.5601921082
1.705000,-0.0471699092275,-0.675335041867,-0.816844769549,1.95735948534,1.0254661567,0.707165143215,-0.483970938578,95.987159729
1.710000,-0.0460194236366,-0.675335041867,-0.816844769549,1.95659249495,1.0258496519,0.706398152821,-0.483970938578,95.987159729
1.715000,-0.0467864140305,-0.675335041867,-0.816844769549,1.95697599014,1.0258496519,0.707165143215,-0.483970938578,95.987159729
1.720000,-0.0467864140305,-0.675335041867,-0.816844769549,1.95697599014,1.0258496519,0.707165143215,-0.483970938578,95.987159729
1.725000,-0.0467864140305,-0.675335041867,-0.816844769549,1.95697599014,1.0258496519,0.707165143215,-0.483970938578,95.987159729
1.730000,-0.0467864140305,-0.675335041867,-0.815694283958,1.95735948534,1.0250826615,0.706398152821,-0.483970938578,95.987159729
1.735000,-0.0475534044244,-0.674184556276,-0.815694283958,1.95850997093,1.0258496519,0.706781648018,-0.483970938578,95.987159729
1.740000,-0.0464029188335,-0.674184556276,-0.816461274352,1.95774298054,1.02469916631,0.706781648018,-0.484354433775,95.987159729
1.745000,-0.0464029188335,-0.674184556276,-0.816461274352,1.95774298054,1.02469916631,0.706781648018,-0.484354433775,95.987159729
1.750000,-0.0464029188335,-0.674184556276,-0.816461274352,1.95774298054,1.02469916631,0.706781648018,-0.484354433775,95.987159729
1.755000,-0.0460194236366,-0.675335041867,-0.815694283958,1.95582550455,1.02393217591,0.705631162427,-0.483970938578,95.987159729
1.760000,-0.0464029188335,-0.674568051473,-0.814927293564,1.95735948534,1.02354868072,0.70524766723,-0.484354433775,95.987159729
1.765000,-0.0467864140305,-0.674184556276,-0.815694283958,1.95735948534,1.02316518552,0.70524766723,-0.483970938578,95.987159729
1.770000,-0.0467864140305,-0.674184556276,-0.815694283958,1.95735948534,1.02316518552,0.70524766723,-0.483970938578,95.987159729
1.775000,-0.0467864140305,-0.674184556276,-0.815694283958,1.95735948534,1.02316518552,0.70524766723,-0.483970938578,95.987159729
1.780000,-0.0471699092275,-0.674568051473,-0.814543798367,1.95697599014,1.02316518552,0.703713686442,-0.483587443381,95.987159729
1.785000,-0.0475534044244,-0.674568051473,-0.814543798367,1.95889346613,1.02354868072,0.704480676836,-0.483587443381,95.987159729
1.790000,-0.0475534044244,-0.673801061079,-0.815310788761,1.95850997093,1.02316518552,0.704097181639,-0.484354433775,95.987159729
1.795000,-0.0475534044244,-0.673801061079,-0.815310788761,1.95850997093,1.02316518552,0.704097181639,-0.484354433775,95.987159729
1.800000,-0.0475534044244,-0.673801061079,-0.815310788761,1.95850997093,1.02316518552,0.704097181639,-0.484354433775,95.987159729
1.805000,-0.0471699092275,-0.674184556276,-0.814543798367,1.95774298054,1.02239819513,0.703713686442,-0.483970938578,95.987159729
1.810000,-0.0475534044244,-0.673417565882,-0.814927293564,1.95812647574,1.02393217591,0.704097181639,-0.483587443381,95.987159729
1.815000,-0.0475534044244,-0.673417565882,-0.814543798367,1.95774298054,1.02278169032,0.703330191245,-0.483203948184,95.987159729
1.820000,-0.0475534044244,-0.673417565882,-0.814543798367,1.95774298054,1.02278169032,0.703330191245,-0.483203948184,91.0112380981
1.825000,-0.0475534044244,-0.673417565882,-0.814543798367,1.95774298054,1.02278169032,0.703330191245,-0.483203948184,91.0112380981
1.830000,-0.0475534044244,-0.673801061079,-0.813776807973,1.95850997093,1.02278169032,0.703330191245,-0.483587443381,91.0112380981
1.835000,-0.0467864140305,-0.673801061079,-0.813776807973,1.95812647574,1.02354868072,0.704097181639,-0.484354433775,91.0112380981
1.840000,-0.0475534044244,-0.673417565882,-0.813393312776,1.95774298054,1.02316518552,0.703713686442,-0.483970938578,91.0112380981
1.845000,-0.0475534044244,-0.673417565882,-0.813393312776,1.95774298054,1.02316518552,0.703713686442,-0.483970938578,91.0112380981
1.850000,-0.0475534044244,-0.673417565882,-0.813393312776,1.95774298054,1.02316518552,0.703713686442,-0.483970938578,91.0112380981
1.855000,-0.0471699092275,-0.672650575488,-0.813393312776,1.95735948534,1.02354868072,0.702946696048,-0.483203948184,91.0112380981
1.860000,-0.0483203948184,-0.672650575488,-0.813009817579,1.95697599014,1.02354868072,0.702946696048,-0.484354433775,91.0112380981
1.865000,-0.0471699092275,-0.672267080291,-0.813009817579,1.95697599014,1.02354868072,0.703713686442,-0.483587443381,91.0112380981
1.870000,-0.0471699092275,-0.672267080291,-0.813009817579,1.95697599014,1.02354868072,0.703713686442,-0.483587443381,75.1203842163
1.875000,-0.0471699092275,-0.672267080291,-0.813009817579,1.95697599014,1.02354868072,0.703713686442,-0.483587443381,75.1203842163
1.880000,-0.0479368996214,-0.672267080291,-0.813776807973,1.95697599014,1.02354868072,0.702179705655,-0.484354433775,75.1203842163
1.885000,-0.0467864140305,-0.672267080291,-0.813776807973,1.95774298054,1.02316518552,0.702179705655,-0.483203948184,75.1203842163
1.890000,-0.0475534044244,-0.671500089897,-0.812626322382,1.95582550455,1.02469916631,0.701796210458,-0.483587443381,75.1203842163
1.895000,-0.0475534044244,-0.671500089897,-0.812626322382,1.95582550455,1.02469916631,0.701796210458,-0.483587443381,75.1203842163
1.900000,-0.0475534044244,-0.671500089897,-0.812626322382,1.95582550455,1.02469916631,0.701796210458,-0.483587443381,75.1203842163
1.905000,-0.0471699092275,-0.671500089897,-0.813393312776,1.95620899975,1.02469916631,0.699878734473,-0.484354433775,75.1203842163
1.910000,-0.0475534044244,-0.671500089897,-0.812626322382,1.95697599014,1.02469916631,0.699878734473,-0.483587443381,75.1203842163
1.915000,-0.0475534044244,-0.671500089897,-0.812242827185,1.95582550455,1.02469916631,0.699111744079,-0.483203948184,75.1203842163
1.920000,-0.0475534044244,-0.671500089897,-0.812242827185,1.95582550455,1.02469916631,0.699111744079,-0.483203948184,57.6243972778
1.925000,-0.0475534044244,-0.671500089897,-0.812242827185,1.95582550455,1.02469916631,0.699111744079,-0.483203948184,57.6243972778
1.930000,-0.0471699092275,-0.670733099503,-0.811859331988,1.95620899975,1.0258496519,0.697194268094,-0.483203948184,57.6243972778
1.935000,-0.0467864140305,-0.670733099503,-0.811475836791,1.95774298054,1.0250826615,0.6964272777,-0.483203948184,57.6243972778
