time,right_s0,right_s1,right_e0,right_e1,right_w0,right_w1,right_w2,right_gripper
0.000000,0.75471854764,-0.421461221472,0.838703995776,1.75027207898,-1.19803899534,0.886257400201,-2.01258279371,100.0
0.005000,0.755485538034,-0.420310735881,0.837553510185,1.74950508858,-1.19727200494,0.886640895398,-2.01066531772,100.0
0.010000,0.755485538034,-0.420310735881,0.837553510185,1.74950508858,-1.19727200494,0.886640895398,-2.01066531772,100.0
0.015000,0.755485538034,-0.420310735881,0.837553510185,1.74950508858,-1.19727200494,0.886640895398,-2.01066531772,100.0
0.020000,0.75471854764,-0.421077726275,0.836786519791,1.74950508858,-1.19765550014,0.885873905004,-2.00989832733,100.0
0.025000,0.75471854764,-0.421077726275,0.835252539004,1.74988858378,-1.19612151935,0.884723419413,-2.00989832733,100.0
0.030000,0.755102042837,-0.421077726275,0.835636034201,1.7479711078,-1.19650501455,0.883572933822,-2.00989832733,100.0
0.035000,0.755102042837,-0.421077726275,0.835636034201,1.7479711078,-1.19650501455,0.883572933822,-2.00989832733,100.0
0.040000,0.755102042837,-0.421077726275,0.835636034201,1.7479711078,-1.19650501455,0.883572933822,-2.00989832733,100.0
0.045000,0.755102042837,-0.421077726275,0.832951567822,1.74835460299,-1.19612151935,0.880121477049,-2.00951483213,100.0
0.050000,0.755485538034,-0.420694231078,0.832568072625,1.7479711078,-1.19535452896,0.880121477049,-2.00989832733,100.0
0.055000,0.754335052443,-0.420310735881,0.831417587034,1.74873809819,-1.19535452896,0.878970991458,-2.00989832733,100.0
0.060000,0.754335052443,-0.420310735881,0.831417587034,1.74873809819,-1.19535452896,0.878970991458,-2.00989832733,100.0
0.065000,0.754335052443,-0.420310735881,0.831417587034,1.74873809819,-1.19535452896,0.878970991458,-2.00989832733,100.0
0.070000,0.75471854764,-0.419927240684,0.830267101443,1.74873809819,-1.19650501455,0.87743701067,-2.01028182252,100.0
0.075000,0.75471854764,-0.419927240684,0.829116615852,1.7479711078,-1.19612151935,0.876670020277,-2.00989832733,100.0
0.080000,0.75471854764,-0.419927240684,0.829116615852,1.7479711078,-1.19612151935,0.876670020277,-2.00989832733,100.0
0.085000,0.75471854764,-0.419927240684,0.829116615852,1.7479711078,-1.19612151935,0.876670020277,-2.00989832733,100.0
0.090000,0.75471854764,-0.419927240684,0.829116615852,1.7479711078,-1.19612151935,0.876670020277,-2.00989832733,100.0
0.095000,0.755485538034,-0.419927240684,0.828733120655,1.7479711078,-1.19612151935,0.875519534686,-2.00951483213,100.0
0.100000,0.754335052443,-0.419543745487,0.825281663882,1.7475876126,-1.19650501455,0.868233125943,-2.01028182252,100.0
0.105000,0.754335052443,-0.419543745487,0.825281663882,1.7475876126,-1.19650501455,0.868233125943,-2.01028182252,100.0
0.110000,0.754335052443,-0.419543745487,0.825281663882,1.7475876126,-1.19650501455,0.868233125943,-2.01028182252,100.0
0.115000,0.754335052443,-0.419543745487,0.825281663882,1.7475876126,-1.19650501455,0.868233125943,-2.01028182252,100.0
0.120000,0.755869033231,-0.418393259896,0.821446711913,1.7468206222,-1.19688850975,0.860563222004,-2.01028182252,100.0
0.125000,0.755485538034,-0.418776755093,0.821063216716,1.7472041174,-1.19688850975,0.859029241216,-2.00989832733,100.0
0.130000,0.754335052443,-0.418009764699,0.819529235928,1.7468206222,-1.19612151935,0.85596127964,-2.00951483213,100.0
0.135000,0.754335052443,-0.418009764699,0.819529235928,1.7468206222,-1.19612151935,0.85596127964,-2.00951483213,100.0
0.140000,0.754335052443,-0.418009764699,0.819529235928,1.7468206222,-1.19612151935,0.85596127964,-2.00951483213,100.0
0.145000,0.75471854764,-0.417626269502,0.817228264746,1.74643712701,-1.19612151935,0.849058366095,-2.00951483213,100.0
0.150000,0.75471854764,-0.417626269502,0.817228264746,1.74643712701,-1.19612151935,0.849058366095,-2.00951483213,100.0
0.155000,0.75471854764,-0.417626269502,0.817228264746,1.74643712701,-1.19612151935,0.849058366095,-2.00951483213,100.0
0.160000,0.75471854764,-0.417626269502,0.817228264746,1.74643712701,-1.19612151935,0.849058366095,-2.00951483213,100.0
0.165000,0.75471854764,-0.417626269502,0.817228264746,1.74643712701,-1.19612151935,0.849058366095,-2.00951483213,100.0
0.170000,0.755102042837,-0.416859279108,0.811475836791,1.74605363181,-1.19612151935,0.838703995776,-2.00989832733,100.0
0.175000,0.755102042837,-0.416092288714,0.80917486561,1.74528664142,-1.19612151935,0.833335063019,-2.01028182252,100.0
0.180000,0.755102042837,-0.416092288714,0.80917486561,1.74528664142,-1.19612151935,0.833335063019,-2.01028182252,100.0
0.185000,0.755102042837,-0.416092288714,0.80917486561,1.74528664142,-1.19612151935,0.833335063019,-2.01028182252,100.0
0.190000,0.75471854764,-0.41532529832,0.806106904034,1.74451965102,-1.19573802416,0.822980692701,-2.00989832733,100.0
0.195000,0.755102042837,-0.414558307926,0.80533991364,1.74528664142,-1.19573802416,0.820679721519,-2.01028182252,100.0
0.200000,0.755102042837,-0.414558307926,0.80533991364,1.74528664142,-1.19573802416,0.820679721519,-2.01028182252,100.0
0.205000,0.755102042837,-0.414558307926,0.80533991364,1.74528664142,-1.19573802416,0.820679721519,-2.01028182252,100.0
0.210000,0.755102042837,-0.414558307926,0.80533991364,1.74528664142,-1.19573802416,0.820679721519,-2.01028182252,100.0
0.215000,0.75471854764,-0.414558307926,0.804189428049,1.74490314622,-1.19573802416,0.817611759943,-2.00989832733,100.0
0.220000,0.755485538034,-0.413024327138,0.798053504897,1.74375266063,-1.19650501455,0.804956418443,-2.01028182252,100.0
0.225000,0.755102042837,-0.413024327138,0.796136028913,1.74528664142,-1.19650501455,0.803038942458,-2.01028182252,100.0
0.230000,0.755102042837,-0.413024327138,0.796136028913,1.74528664142,-1.19650501455,0.803038942458,-2.01028182252,100.0
0.235000,0.755102042837,-0.413024327138,0.796136028913,1.74528664142,-1.19650501455,0.803038942458,-2.01028182252,100.0
0.240000,0.756252528428,-0.411106851153,0.793451562534,1.74413615583,-1.19650501455,0.798053504897,-2.01028182252,100.0
0.245000,0.755869033231,-0.411106851153,0.791917581746,1.74336916543,-1.19650501455,0.796903019306,-2.01028182252,100.0
0.250000,0.755869033231,-0.411106851153,0.791917581746,1.74336916543,-1.19650501455,0.796903019306,-2.01028182252,100.0
0.255000,0.755869033231,-0.411106851153,0.791917581746,1.74336916543,-1.19650501455,0.796903019306,-2.01028182252,100.0
0.260000,0.755869033231,-0.411106851153,0.791917581746,1.74336916543,-1.19650501455,0.796903019306,-2.01028182252,100.0
0.265000,0.755485538034,-0.409572870365,0.789233115367,1.74336916543,-1.19650501455,0.794602048125,-2.00989832733,100.0
0.270000,0.755869033231,-0.408805879971,0.786548648988,1.74260217504,-1.19573802416,0.791534086549,-2.00989832733,100.0
0.275000,0.756252528428,-0.408038889578,0.783097192216,1.74221867984,-1.19535452896,0.78884962017,-2.00989832733,100.0
0.280000,0.756252528428,-0.408038889578,0.783097192216,1.74221867984,-1.19535452896,0.78884962017,-2.00989832733,100.0
0.285000,0.756252528428,-0.408038889578,0.783097192216,1.74221867984,-1.19535452896,0.78884962017,-2.00989832733,100.0
0.290000,0.756636023624,-0.40650490879,0.778495249852,1.74298567023,-1.19535452896,0.78002923064,-2.00989832733,100.0
0.295000,0.756636023624,-0.405737918396,0.776577773867,1.74298567023,-1.19497103376,0.777728259458,-2.00989832733,100.0
0.300000,0.755869033231,-0.405737918396,0.77619427867,1.74375266063,-1.19497103376,0.775810783473,-2.01028182252,100.0
0.305000,0.755869033231,-0.405737918396,0.77619427867,1.74375266063,-1.19497103376,0.775810783473,-2.01028182252,100.0
0.310000,0.755869033231,-0.405737918396,0.77619427867,1.74375266063,-1.19497103376,0.775810783473,-2.01028182252,100.0
0.315000,0.757019518821,-0.403436947214,0.772742821897,1.74336916543,-1.19535452896,0.771975831503,-2.01028182252,100.0
0.320000,0.757019518821,-0.403436947214,0.772742821897,1.74336916543,-1.19535452896,0.771975831503,-2.01028182252,100.0
0.325000,0.757019518821,-0.403436947214,0.772742821897,1.74336916543,-1.19535452896,0.771975831503,-2.01028182252,100.0
0.330000,0.757019518821,-0.403436947214,0.772742821897,1.74336916543,-1.19535452896,0.771975831503,-2.01028182252,100.0
0.335000,0.757019518821,-0.403436947214,0.772742821897,1.74336916543,-1.19535452896,0.771975831503,-2.01028182252,100.0
0.340000,0.757019518821,-0.399601995244,0.766223403549,1.74298567023,-1.19497103376,0.76737388914,-2.01028182252,100.0
0.345000,0.757019518821,-0.39883500485,0.765072917958,1.74260217504,-1.19497103376,0.765839908352,-2.00951483213,100.0
0.350000,0.757019518821,-0.39883500485,0.765072917958,1.74260217504,-1.19497103376,0.765839908352,-2.00951483213,100.0
0.355000,0.757019518821,-0.39883500485,0.765072917958,1.74260217504,-1.19497103376,0.765839908352,-2.00951483213,100.0
0.360000,0.757786509215,-0.396917528865,0.762004956382,1.74221867984,-1.19497103376,0.76353893717,-2.01028182252,100.0
0.365000,0.758170004412,-0.396150538471,0.760087480397,1.74183518464,-1.19458753857,0.762388451579,-2.01028182252,100.0
0.370000,0.758170004412,-0.396150538471,0.760087480397,1.74183518464,-1.19458753857,0.762388451579,-2.01028182252,100.0
0.375000,0.758170004412,-0.396150538471,0.760087480397,1.74183518464,-1.19458753857,0.762388451579,-2.01028182252,100.0
0.380000,0.758170004412,-0.396150538471,0.760087480397,1.74183518464,-1.19458753857,0.762388451579,-2.01028182252,100.0
0.385000,0.757403014018,-0.393466072093,0.756636023624,1.74106819425,-1.19458753857,0.758553499609,-2.00989832733,100.0
0.390000,0.758553499609,-0.392699081699,0.755102042837,1.74183518464,-1.19497103376,0.757403014018,-2.01028182252,100.0
0.395000,0.758553499609,-0.391932091305,0.754335052443,1.74183518464,-1.19497103376,0.757019518821,-2.00989832733,100.0
0.400000,0.758553499609,-0.391932091305,0.754335052443,1.74183518464,-1.19497103376,0.757019518821,-2.00989832733,100.0
0.405000,0.758553499609,-0.391932091305,0.754335052443,1.74183518464,-1.19497103376,0.757019518821,-2.00989832733,100.0
0.410000,0.758936994806,-0.389631120123,0.752417576458,1.74106819425,-1.19535452896,0.752801071655,-2.01028182252,100.0
0.415000,0.758936994806,-0.389631120123,0.752417576458,1.74106819425,-1.19535452896,0.752801071655,-2.01028182252,100.0
0.420000,0.758936994806,-0.389631120123,0.752417576458,1.74106819425,-1.19535452896,0.752801071655,-2.01028182252,100.0
0.425000,0.758936994806,-0.389631120123,0.752417576458,1.74106819425,-1.19535452896,0.752801071655,-2.01028182252,100.0
0.430000,0.758936994806,-0.389631120123,0.752417576458,1.74106819425,-1.19535452896,0.752801071655,-2.01028182252,100.0
0.435000,0.758936994806,-0.385796168153,0.747432138897,1.74030120386,-1.19458753857,0.744364177321,-2.00951483213,100.0
0.440000,0.758936994806,-0.385796168153,0.747432138897,1.74030120386,-1.19458753857,0.744364177321,-2.00951483213,100.0
0.445000,0.758936994806,-0.385796168153,0.747432138897,1.74030120386,-1.19458753857,0.744364177321,-2.00951483213,100.0
0.450000,0.758936994806,-0.385796168153,0.747432138897,1.74030120386,-1.19458753857,0.744364177321,-2.00951483213,100.0
0.455000,0.758936994806,-0.385796168153,0.747432138897,1.74030120386,-1.19458753857,0.744364177321,-2.00951483213,100.0
0.460000,0.758553499609,-0.381577720986,0.744364177321,1.74068469905,-1.19458753857,0.741679710943,-2.01028182252,100.0
0.465000,0.758936994806,-0.380427235396,0.74321369173,1.73953421346,-1.19420404337,0.741296215746,-2.01028182252,100.0
0.470000,0.758936994806,-0.380427235396,0.74321369173,1.73953421346,-1.19420404337,0.741296215746,-2.01028182252,100.0
0.475000,0.758936994806,-0.380427235396,0.74321369173,1.73953421346,-1.19420404337,0.741296215746,-2.01028182252,100.0
0.480000,0.7597039852,-0.376975778623,0.740529225352,1.73876722307,-1.19228656738,0.737844758973,-2.00951483213,100.0
0.485000,0.7597039852,-0.376975778623,0.740529225352,1.73876722307,-1.19228656738,0.737844758973,-2.00951483213,100.0
0.490000,0.7597039852,-0.376975778623,0.740529225352,1.73876722307,-1.19228656738,0.737844758973,-2.00951483213,100.0
0.495000,0.7597039852,-0.376975778623,0.740529225352,1.73876722307,-1.19228656738,0.737844758973,-2.00951483213,100.0
0.500000,0.7597039852,-0.376208788229,0.740529225352,1.73876722307,-1.19190307219,0.737461263776,-2.00913133693,100.0
0.505000,0.758936994806,-0.372373836259,0.73822825417,1.73761673748,-1.19113608179,0.732092331018,-2.00989832733,100.0
0.510000,0.758936994806,-0.370456360274,0.737461263776,1.73838372787,-1.1899855962,0.730941845427,-2.00989832733,100.0
0.515000,0.758936994806,-0.370456360274,0.737461263776,1.73838372787,-1.1899855962,0.730941845427,-2.00989832733,100.0
0.520000,0.758936994806,-0.370456360274,0.737461263776,1.73838372787,-1.1899855962,0.730941845427,-2.00989832733,100.0
0.525000,0.759320490003,-0.368155389092,0.735927282988,1.73800023267,-1.18883511061,0.726723398261,-2.00951483213,100.0
0.530000,0.759320490003,-0.367388398699,0.734776797397,1.73761673748,-1.18806812022,0.724805922276,-2.00989832733,100.0
0.535000,0.759320490003,-0.366237913108,0.7343933022,1.73761673748,-1.18768462502,0.722504951094,-2.00913133693,100.0
0.540000,0.759320490003,-0.366237913108,0.7343933022,1.73761673748,-1.18768462502,0.722504951094,-2.00913133693,100.0
0.545000,0.759320490003,-0.366237913108,0.7343933022,1.73761673748,-1.18768462502,0.722504951094,-2.00913133693,100.0
0.550000,0.759320490003,-0.362402961138,0.732859321412,1.73608275669,-1.18615064423,0.717136018336,-2.00989832733,100.0
0.555000,0.758936994806,-0.361635970744,0.731708835821,1.73646625189,-1.18615064423,0.714835047155,-2.00951483213,100.0
0.560000,0.7597039852,-0.36086898035,0.731325340624,1.73569926149,-1.18461666344,0.71291757117,-2.00951483213,100.0
0.565000,0.7597039852,-0.36086898035,0.731325340624,1.73569926149,-1.18461666344,0.71291757117,-2.00951483213,100.0
0.570000,0.7597039852,-0.36086898035,0.731325340624,1.73569926149,-1.18461666344,0.71291757117,-2.00951483213,100.0
0.575000,0.7597039852,-0.356267037986,0.730941845427,1.7353157663,-1.18384967305,0.708699124003,-2.00913133693,100.0
0.580000,0.758936994806,-0.355500047592,0.72940786464,1.7341652807,-1.18384967305,0.706781648018,-2.00951483213,100.0
0.585000,0.758936994806,-0.355500047592,0.72940786464,1.7341652807,-1.18384967305,0.706781648018,-2.00951483213,100.0
0.590000,0.758936994806,-0.355500047592,0.72940786464,1.7341652807,-1.18384967305,0.706781648018,-2.00951483213,100.0
0.595000,0.758936994806,-0.355500047592,0.72940786464,1.7341652807,-1.18384967305,0.706781648018,-2.00951483213,100.0
0.600000,0.758553499609,-0.353966066805,0.728640874246,1.7345487759,-1.18384967305,0.704097181639,-2.00989832733,100.0
0.605000,0.758553499609,-0.353966066805,0.728640874246,1.7345487759,-1.18384967305,0.704097181639,-2.00989832733,100.0
0.610000,0.760087480397,-0.349364124441,0.727106893458,1.73224780472,-1.18308268266,0.698728248882,-2.00951483213,100.0
0.615000,0.760087480397,-0.349364124441,0.727106893458,1.73224780472,-1.18308268266,0.698728248882,-2.00951483213,100.0
0.620000,0.760087480397,-0.349364124441,0.727106893458,1.73224780472,-1.18308268266,0.698728248882,-2.00951483213,100.0
0.625000,0.760470975594,-0.348597134047,0.725189417473,1.73071382393,-1.18269918746,0.698344753685,-2.01028182252,100.0
0.630000,0.760470975594,-0.342844706092,0.723655436685,1.72802935755,-1.18154870187,0.693359316124,-2.00913133693,100.0
0.635000,0.761237965988,-0.340543734911,0.724038931882,1.72764586236,-1.18193219707,0.692975820927,-2.00951483213,100.0
0.640000,0.761237965988,-0.340543734911,0.724038931882,1.72764586236,-1.18193219707,0.692975820927,-2.00951483213,100.0
0.645000,0.761237965988,-0.340543734911,0.724038931882,1.72764586236,-1.18193219707,0.692975820927,-2.00951483213,100.0
0.650000,0.761621461185,-0.337475773335,0.722504951094,1.72457790078,-1.18269918746,0.689907859351,-2.00913133693,100.0
0.655000,0.761621461185,-0.337475773335,0.722504951094,1.72457790078,-1.18269918746,0.689907859351,-2.00913133693,100.0
0.660000,0.761621461185,-0.337475773335,0.722504951094,1.72457790078,-1.18269918746,0.689907859351,-2.00913133693,100.0
0.665000,0.761621461185,-0.337475773335,0.722504951094,1.72457790078,-1.18269918746,0.689907859351,-2.00913133693,100.0
0.670000,0.764305927564,-0.330572859789,0.718286503927,1.72035945361,-1.18269918746,0.684155431397,-2.00989832733,100.0
0.675000,0.764305927564,-0.330572859789,0.718286503927,1.72035945361,-1.18269918746,0.684155431397,-2.00989832733,100.0
0.680000,0.764305927564,-0.330189364592,0.71790300873,1.71920896802,-1.18384967305,0.683388441003,-2.00951483213,100.0
0.685000,0.764305927564,-0.330189364592,0.71790300873,1.71920896802,-1.18384967305,0.683388441003,-2.00951483213,100.0
0.690000,0.764305927564,-0.330189364592,0.71790300873,1.71920896802,-1.18384967305,0.683388441003,-2.00951483213,100.0
0.695000,0.764689422761,-0.326354412623,0.715985532746,1.71652450164,-1.18576714904,0.683388441003,-2.00951483213,100.0
0.700000,0.764689422761,-0.326354412623,0.715985532746,1.71652450164,-1.18576714904,0.683388441003,-2.00951483213,100.0
0.705000,0.765072917958,-0.325587422229,0.715602037549,1.71537401605,-1.18653413943,0.684538926594,-2.00951483213,100.0
0.710000,0.765072917958,-0.325587422229,0.715602037549,1.71537401605,-1.18653413943,0.684538926594,-2.00951483213,100.0
0.715000,0.765072917958,-0.325587422229,0.715602037549,1.71537401605,-1.18653413943,0.684538926594,-2.00951483213,100.0
0.720000,0.765456413155,-0.325203927032,0.716369027942,1.71460702566,-1.18615064423,0.683388441003,-2.01028182252,100.0
0.725000,0.766990393943,-0.322135965456,0.714451551958,1.71115556889,-1.18691763463,0.685689412185,-2.00989832733,100.0
0.730000,0.766990393943,-0.321368975062,0.714068056761,1.7096215881,-1.18691763463,0.686456402579,-2.00951483213,100.0
0.735000,0.766990393943,-0.321368975062,0.714068056761,1.7096215881,-1.18691763463,0.686456402579,-2.00951483213,100.0
0.740000,0.766990393943,-0.321368975062,0.714068056761,1.7096215881,-1.18691763463,0.686456402579,-2.00951483213,100.0
0.745000,0.767757384337,-0.319834994274,0.713684561564,1.70808760731,-1.18653413943,0.689524364154,-2.00951483213,100.0
0.750000,0.767757384337,-0.319834994274,0.713684561564,1.70808760731,-1.18653413943,0.689524364154,-2.00951483213,100.0
0.755000,0.767757384337,-0.319834994274,0.713684561564,1.70808760731,-1.18653413943,0.689524364154,-2.00951483213,100.0
0.760000,0.767757384337,-0.319834994274,0.713684561564,1.70808760731,-1.18653413943,0.689524364154,-2.00951483213,100.0
0.765000,0.767757384337,-0.319834994274,0.713684561564,1.70808760731,-1.18653413943,0.689524364154,-2.00951483213,100.0
0.770000,0.767757384337,-0.319834994274,0.713684561564,1.70808760731,-1.18653413943,0.689524364154,-2.00951483213,100.0
0.775000,0.770058355518,-0.319451499077,0.714068056761,1.70386916014,-1.18653413943,0.695660287306,-2.00951483213,100.0
0.780000,0.770058355518,-0.319451499077,0.714068056761,1.70386916014,-1.18653413943,0.695660287306,-2.00951483213,100.0
0.785000,0.770058355518,-0.319451499077,0.714068056761,1.70386916014,-1.18653413943,0.695660287306,-2.00951483213,100.0
0.790000,0.770058355518,-0.319451499077,0.714068056761,1.70386916014,-1.18653413943,0.695660287306,-2.00951483213,100.0
0.795000,0.770058355518,-0.319451499077,0.714068056761,1.70386916014,-1.18653413943,0.695660287306,-2.00951483213,100.0
0.800000,0.771592336306,-0.319451499077,0.714451551958,1.70156818896,-1.18653413943,0.700645724867,-2.00989832733,100.0
0.805000,0.771975831503,-0.319451499077,0.714835047155,1.70080119857,-1.18615064423,0.703713686442,-2.00913133693,100.0
0.810000,0.771975831503,-0.319451499077,0.714835047155,1.70080119857,-1.18615064423,0.703713686442,-2.00913133693,100.0
0.815000,0.771975831503,-0.319451499077,0.714835047155,1.70080119857,-1.18615064423,0.703713686442,-2.00913133693,100.0
0.820000,0.773893307488,-0.319451499077,0.714835047155,1.70003420817,-1.18691763463,0.707932133609,-2.00989832733,100.0
0.825000,0.775427288276,-0.319451499077,0.714451551958,1.70003420817,-1.18768462502,0.707932133609,-2.01028182252,100.0
0.830000,0.776577773867,-0.319451499077,0.714068056761,1.70118469376,-1.18768462502,0.709466114397,-2.01028182252,100.0
0.835000,0.776577773867,-0.319451499077,0.714068056761,1.70118469376,-1.18768462502,0.709466114397,-2.01028182252,100.0
0.840000,0.776577773867,-0.319451499077,0.714068056761,1.70118469376,-1.18768462502,0.709466114397,-2.01028182252,100.0
0.845000,0.777728259458,-0.319451499077,0.714451551958,1.70080119857,-1.19113608179,0.711767085579,-2.00951483213,100.0
0.850000,0.787315639382,-0.321368975062,0.706781648018,1.70770411211,-1.20494190888,0.703330191245,-2.01104881292,50.0
0.855000,0.787315639382,-0.320601984668,0.706781648018,1.70770411211,-1.20379142329,0.702946696048,-2.01143230811,50.0
0.860000,0.787315639382,-0.320601984668,0.706781648018,1.70770411211,-1.20379142329,0.702946696048,-2.01143230811,50.0
0.865000,0.787315639382,-0.320601984668,0.706781648018,1.70770411211,-1.20379142329,0.702946696048,-2.01143230811,50.0
0.870000,0.787315639382,-0.322135965456,0.707165143215,1.70770411211,-1.20417491849,0.703713686442,-2.01143230811,50.0
0.875000,0.787315639382,-0.322135965456,0.706781648018,1.70808760731,-1.20379142329,0.702946696048,-2.01143230811,50.0
0.880000,0.787699134579,-0.322519460653,0.706398152821,1.70770411211,-1.2030244329,0.703330191245,-2.01143230811,50.0
0.885000,0.787699134579,-0.322519460653,0.706398152821,1.70770411211,-1.2030244329,0.703330191245,-2.01143230811,50.0
0.890000,0.787699134579,-0.322519460653,0.706398152821,1.70770411211,-1.2030244329,0.703330191245,-2.01143230811,50.0
0.895000,0.786932144185,-0.323286451047,0.707932133609,1.70732061692,-1.19995647132,0.702946696048,-2.01143230811,50.0
0.900000,0.786932144185,-0.323286451047,0.707932133609,1.70732061692,-1.19995647132,0.702946696048,-2.01143230811,50.0
0.905000,0.786932144185,-0.323286451047,0.707932133609,1.70732061692,-1.19995647132,0.702946696048,-2.01143230811,50.0
0.910000,0.786932144185,-0.323286451047,0.707932133609,1.70732061692,-1.19995647132,0.702946696048,-2.01143230811,50.0
0.915000,0.786932144185,-0.323286451047,0.707932133609,1.70732061692,-1.19995647132,0.702946696048,-2.01143230811,50.0
0.920000,0.786165153791,-0.323286451047,0.706781648018,1.70732061692,-1.19803899534,0.702946696048,-2.01143230811,50.0
0.925000,0.785781658594,-0.325203927032,0.707165143215,1.70693712172,-1.19727200494,0.701029220064,-2.01104881292,50.0
0.930000,0.785781658594,-0.325203927032,0.707165143215,1.70693712172,-1.19727200494,0.701029220064,-2.01104881292,50.0
0.935000,0.785781658594,-0.325203927032,0.707165143215,1.70693712172,-1.19727200494,0.701029220064,-2.01104881292,50.0
0.940000,0.785781658594,-0.325203927032,0.707165143215,1.70693712172,-1.19727200494,0.701029220064,-2.01104881292,50.0
0.945000,0.784631173003,-0.327504898214,0.7090826192,1.70847110251,-1.19688850975,0.699495239276,-2.01143230811,50.0
0.950000,0.783864182609,-0.327504898214,0.709466114397,1.70847110251,-1.19727200494,0.699878734473,-2.01181580331,50.0
0.955000,0.783864182609,-0.327504898214,0.709466114397,1.70847110251,-1.19727200494,0.699878734473,-2.01181580331,50.0
0.960000,0.783864182609,-0.327504898214,0.709466114397,1.70847110251,-1.19727200494,0.699878734473,-2.01181580331,50.0
0.965000,0.782713697019,-0.329422374198,0.711383590382,1.7100050833,-1.19612151935,0.698728248882,-2.01104881292,50.0
0.970000,0.782713697019,-0.329422374198,0.711383590382,1.7100050833,-1.19612151935,0.698728248882,-2.01104881292,50.0
0.975000,0.782713697019,-0.329422374198,0.711383590382,1.7100050833,-1.19612151935,0.698728248882,-2.01104881292,50.0
0.980000,0.782713697019,-0.330956354986,0.712534075973,1.7092380929,-1.19535452896,0.699111744079,-2.01181580331,50.0
0.985000,0.782713697019,-0.330956354986,0.712534075973,1.7092380929,-1.19535452896,0.699111744079,-2.01181580331,50.0
0.990000,0.781946706625,-0.33172334538,0.714451551958,1.71038857849,-1.19420404337,0.699495239276,-2.01143230811,50.0
0.995000,0.78002923064,-0.333640821365,0.716369027942,1.71077207369,-1.19420404337,0.70026222967,-2.01104881292,50.0
1.000000,0.78002923064,-0.333640821365,0.716369027942,1.71077207369,-1.19420404337,0.70026222967,-2.01104881292,50.0
1.005000,0.78002923064,-0.335941792547,0.720587475109,1.71268954967,-1.19420404337,0.703330191245,-2.01181580331,50.0
1.010000,0.778878745049,-0.337475773335,0.7217379607,1.71307304487,-1.19420404337,0.704480676836,-2.01104881292,50.0
1.015000,0.778495249852,-0.339009754123,0.722121455897,1.71307304487,-1.19343705297,0.706014657624,-2.01143230811,50.0
1.020000,0.778495249852,-0.339009754123,0.722121455897,1.71307304487,-1.19343705297,0.706014657624,-2.01143230811,50.0
1.025000,0.778495249852,-0.339009754123,0.722121455897,1.71307304487,-1.19343705297,0.706014657624,-2.01143230811,50.0
1.030000,0.778495249852,-0.339009754123,0.722121455897,1.71307304487,-1.19343705297,0.706014657624,-2.01143230811,50.0
1.035000,0.777344764261,-0.340160239714,0.724805922276,1.71422353046,-1.19228656738,0.7090826192,-2.01104881292,50.0
1.040000,0.777344764261,-0.340160239714,0.724805922276,1.71422353046,-1.19228656738,0.7090826192,-2.01104881292,50.0
1.045000,0.775427288276,-0.345912667668,0.730941845427,1.71575751125,-1.1899855962,0.714835047155,-2.01104881292,50.0
1.050000,0.775427288276,-0.345912667668,0.730941845427,1.71575751125,-1.1899855962,0.714835047155,-2.01104881292,50.0
1.055000,0.775427288276,-0.345912667668,0.730941845427,1.71575751125,-1.1899855962,0.714835047155,-2.01104881292,50.0
1.060000,0.773893307488,-0.351281600426,0.735543787791,1.71805848243,-1.18845161541,0.718286503927,-2.01104881292,50.0
1.065000,0.772742821897,-0.353199076411,0.737077768579,1.71920896802,-1.18730112982,0.71790300873,-2.01104881292,50.0
1.070000,0.772742821897,-0.353199076411,0.737077768579,1.71920896802,-1.18730112982,0.71790300873,-2.01104881292,50.0
1.075000,0.772742821897,-0.353199076411,0.737077768579,1.71920896802,-1.18730112982,0.71790300873,-2.01104881292,50.0
1.080000,0.772742821897,-0.353199076411,0.737077768579,1.71920896802,-1.18730112982,0.71790300873,-2.01104881292,50.0
1.085000,0.771975831503,-0.357801018774,0.739762234958,1.72074294881,-1.18423316825,0.719436989518,-2.01104881292,50.0
1.090000,0.771975831503,-0.360485485153,0.741296215746,1.7226604248,-1.18308268266,0.719436989518,-2.01104881292,50.0
1.095000,0.769674860322,-0.365087427517,0.742830196534,1.72381091039,-1.18078171147,0.720970970306,-2.01181580331,50.0
1.100000,0.769674860322,-0.365087427517,0.742830196534,1.72381091039,-1.18078171147,0.720970970306,-2.01181580331,50.0
1.105000,0.769674860322,-0.365087427517,0.742830196534,1.72381091039,-1.18078171147,0.720970970306,-2.01181580331,50.0
1.110000,0.768140879534,-0.371223350668,0.746665148503,1.72687887196,-1.1773302547,0.724038931882,-2.01143230811,50.0
1.115000,0.768140879534,-0.373140826653,0.747815634094,1.72841285275,-1.17656326431,0.724422427079,-2.01181580331,50.0
1.120000,0.76737388914,-0.375441797835,0.748582624488,1.72879634795,-1.17502928352,0.725189417473,-2.01143230811,50.0
1.125000,0.76737388914,-0.375441797835,0.748582624488,1.72879634795,-1.17502928352,0.725189417473,-2.01143230811,50.0
1.130000,0.76737388914,-0.375441797835,0.748582624488,1.72879634795,-1.17502928352,0.725189417473,-2.01143230811,50.0
1.135000,0.765839908352,-0.381961216183,0.752801071655,1.73301479511,-1.16927685557,0.727873883852,-2.01219929851,50.0
1.140000,0.765839908352,-0.381961216183,0.752801071655,1.73301479511,-1.16927685557,0.727873883852,-2.01219929851,50.0
1.145000,0.765839908352,-0.381961216183,0.752801071655,1.73301479511,-1.16927685557,0.727873883852,-2.01219929851,50.0
1.150000,0.765839908352,-0.381961216183,0.752801071655,1.73301479511,-1.16927685557,0.727873883852,-2.01219929851,50.0
1.155000,0.765839908352,-0.381961216183,0.752801071655,1.73301479511,-1.16927685557,0.727873883852,-2.01219929851,50.0
1.160000,0.76353893717,-0.395383548077,0.757786509215,1.73800023267,-1.15930598044,0.732859321412,-2.01104881292,50.0
1.165000,0.763155441973,-0.398068014456,0.758553499609,1.73915071827,-1.15700500926,0.7343933022,-2.01104881292,50.0
1.170000,0.763155441973,-0.398068014456,0.758553499609,1.73915071827,-1.15700500926,0.7343933022,-2.01104881292,50.0
1.175000,0.763155441973,-0.398068014456,0.758553499609,1.73915071827,-1.15700500926,0.7343933022,-2.01104881292,50.0
1.180000,0.761621461185,-0.406888403987,0.762771946776,1.74336916543,-1.14971860052,0.737461263776,-2.01143230811,50.0
1.185000,0.761621461185,-0.406888403987,0.762771946776,1.74336916543,-1.14971860052,0.737461263776,-2.01143230811,50.0
1.190000,0.760087480397,-0.409189375168,0.762771946776,1.74413615583,-1.14780112454,0.73822825417,-2.01104881292,50.0
1.195000,0.760087480397,-0.409189375168,0.762771946776,1.74413615583,-1.14780112454,0.73822825417,-2.01104881292,50.0
1.200000,0.760087480397,-0.409189375168,0.762771946776,1.74413615583,-1.14780112454,0.73822825417,-2.01104881292,50.0
1.205000,0.760087480397,-0.409189375168,0.762771946776,1.74413615583,-1.14780112454,0.73822825417,-2.01104881292,50.0
1.210000,0.757403014018,-0.425296173441,0.766606898746,1.74950508858,-1.13514578304,0.741679710943,-2.01143230811,50.0
1.215000,0.757403014018,-0.429131125411,0.767757384337,1.75142256457,-1.13284481185,0.742830196534,-2.01143230811,50.0
1.220000,0.757403014018,-0.429131125411,0.767757384337,1.75142256457,-1.13284481185,0.742830196534,-2.01143230811,50.0
1.225000,0.757403014018,-0.429131125411,0.767757384337,1.75142256457,-1.13284481185,0.742830196534,-2.01143230811,50.0
1.230000,0.75471854764,-0.438335010138,0.771592336306,1.75410703095,-1.12325743193,0.745898158109,-2.01258279371,50.0
1.235000,0.75471854764,-0.438335010138,0.771592336306,1.75410703095,-1.12325743193,0.745898158109,-2.01258279371,50.0
1.240000,0.75471854764,-0.438335010138,0.771592336306,1.75410703095,-1.12325743193,0.745898158109,-2.01258279371,50.0
1.245000,0.75471854764,-0.438335010138,0.771592336306,1.75410703095,-1.12325743193,0.745898158109,-2.01258279371,50.0
1.250000,0.75471854764,-0.438335010138,0.771592336306,1.75410703095,-1.12325743193,0.745898158109,-2.01258279371,50.0
1.255000,0.75471854764,-0.441786466911,0.771592336306,1.75564101173,-1.12057296555,0.746665148503,-2.0129662889,50.0
1.260000,0.752034081261,-0.459043750775,0.775810783473,1.76177693489,-1.10638364326,0.752034081261,-2.01641774568,50.0
1.265000,0.752034081261,-0.459043750775,0.775810783473,1.76177693489,-1.10638364326,0.752034081261,-2.01641774568,50.0
1.270000,0.752034081261,-0.459043750775,0.775810783473,1.76177693489,-1.10638364326,0.752034081261,-2.01641774568,50.0
1.275000,0.752034081261,-0.459043750775,0.775810783473,1.76177693489,-1.10638364326,0.752034081261,-2.01641774568,50.0
1.280000,0.752034081261,-0.459043750775,0.775810783473,1.76177693489,-1.10638364326,0.752034081261,-2.01641774568,50.0
1.285000,0.751650586064,-0.466330159517,0.776961269064,1.76446140127,-1.10063121531,0.753568062049,-2.01871871686,50.0
1.290000,0.748582624488,-0.480902977002,0.78002923064,1.77021382922,-1.08797587381,0.757019518821,-2.02447114481,50.0
1.295000,0.748582624488,-0.480902977002,0.78002923064,1.77021382922,-1.08797587381,0.757019518821,-2.02447114481,50.0
1.300000,0.748582624488,-0.480902977002,0.78002923064,1.77021382922,-1.08797587381,0.757019518821,-2.02447114481,50.0
1.305000,0.748582624488,-0.480902977002,0.78002923064,1.77021382922,-1.08797587381,0.757019518821,-2.02447114481,50.0
1.310000,0.747432138897,-0.488572880942,0.780796221034,1.7725148004,-1.08183995066,0.758170004412,-2.02868959198,50.0
1.315000,0.747432138897,-0.488572880942,0.780796221034,1.7725148004,-1.08183995066,0.758170004412,-2.02868959198,50.0
1.320000,0.747432138897,-0.488572880942,0.780796221034,1.7725148004,-1.08183995066,0.758170004412,-2.02868959198,50.0
1.325000,0.743597186927,-0.508131135987,0.784631173003,1.77903421875,-1.06573315238,0.760854470791,-2.03942745749,50.0
1.330000,0.743980682124,-0.512733078351,0.784631173003,1.78018470434,-1.06189820041,0.762004956382,-2.04211192387,50.0
1.335000,0.743980682124,-0.512733078351,0.784631173003,1.78018470434,-1.06189820041,0.762004956382,-2.04211192387,50.0
1.340000,0.743980682124,-0.512733078351,0.784631173003,1.78018470434,-1.06189820041,0.762004956382,-2.04211192387,50.0
1.345000,0.741296215746,-0.523854439063,0.786548648988,1.78363616111,-1.05231082049,0.763922432367,-2.04978182781,50.0
1.350000,0.740529225352,-0.527689391033,0.787699134579,1.7851701419,-1.04885936372,0.764689422761,-2.05246629419,50.0
1.355000,0.740145730155,-0.532291333396,0.787315639382,1.7855536371,-1.04617489734,0.766606898746,-2.05553425577,50.0
1.360000,0.740145730155,-0.532291333396,0.787315639382,1.7855536371,-1.04617489734,0.766606898746,-2.05553425577,50.0
1.365000,0.740145730155,-0.532291333396,0.787315639382,1.7855536371,-1.04617489734,0.766606898746,-2.05553425577,50.0
1.370000,0.737461263776,-0.544563179699,0.789616610564,1.79053907466,-1.03582052702,0.768524374731,-2.0639711501,50.0
1.375000,0.737461263776,-0.549165122063,0.789616610564,1.79092256986,-1.03236907025,0.770058355518,-2.06780610207,50.0
1.380000,0.735927282988,-0.553767064427,0.790000105761,1.79245655064,-1.02891761347,0.771208841109,-2.07125755884,50.0
1.385000,0.735927282988,-0.553767064427,0.790000105761,1.79245655064,-1.02891761347,0.771208841109,-2.07125755884,50.0
1.390000,0.735927282988,-0.553767064427,0.790000105761,1.79245655064,-1.02891761347,0.771208841109,-2.07125755884,50.0
1.395000,0.734009807003,-0.56603891073,0.789616610564,1.79514101702,-1.01894673835,0.772742821897,-2.08161192916,50.0
1.400000,0.733242816609,-0.570257357896,0.789616610564,1.79705849301,-1.01434479599,0.773126317094,-2.08352940515,50.0
1.405000,0.733242816609,-0.570257357896,0.789616610564,1.79705849301,-1.01434479599,0.773126317094,-2.08352940515,50.0
1.410000,0.733242816609,-0.570257357896,0.789616610564,1.79705849301,-1.01434479599,0.773126317094,-2.08352940515,50.0
1.415000,0.733242816609,-0.570257357896,0.789616610564,1.79705849301,-1.01434479599,0.773126317094,-2.08352940515,50.0
1.420000,0.733242816609,-0.570257357896,0.789616610564,1.79705849301,-1.01434479599,0.773126317094,-2.08352940515,50.0
1.425000,0.729024369443,-0.591733088927,0.790000105761,1.80166043537,-0.996704016929,0.775810783473,-2.10347115539,50.0
1.430000,0.729024369443,-0.591733088927,0.790000105761,1.80166043537,-0.996704016929,0.775810783473,-2.10347115539,50.0
1.435000,0.729024369443,-0.591733088927,0.790000105761,1.80166043537,-0.996704016929,0.775810783473,-2.10347115539,50.0
1.440000,0.729024369443,-0.591733088927,0.790000105761,1.80166043537,-0.996704016929,0.775810783473,-2.10347115539,50.0
1.445000,0.728257379049,-0.59633503129,0.790383600958,1.80319441616,-0.992485569762,0.776961269064,-2.10692261216,50.0
1.450000,0.724038931882,-0.613592315154,0.790000105761,1.80933033931,-0.97752925708,0.781179716231,-2.12341290563,50.0
1.455000,0.723271941488,-0.617427267124,0.790767096155,1.80971383451,-0.97369430511,0.782330201822,-2.1268643624,50.0
1.460000,0.723271941488,-0.617427267124,0.790767096155,1.80971383451,-0.97369430511,0.782330201822,-2.1268643624,50.0
1.465000,0.723271941488,-0.617427267124,0.790767096155,1.80971383451,-0.97369430511,0.782330201822,-2.1268643624,50.0
1.470000,0.719820484715,-0.630849599018,0.790383600958,1.81278179608,-0.962572944398,0.786165153791,-2.14067018949,50.0
1.475000,0.719820484715,-0.630849599018,0.790383600958,1.81278179608,-0.962572944398,0.786165153791,-2.14067018949,50.0
1.480000,0.719820484715,-0.630849599018,0.790383600958,1.81278179608,-0.962572944398,0.786165153791,-2.14067018949,50.0
1.485000,0.719820484715,-0.630849599018,0.790383600958,1.81278179608,-0.962572944398,0.786165153791,-2.14067018949,50.0
1.490000,0.719820484715,-0.630849599018,0.790383600958,1.81278179608,-0.962572944398,0.786165153791,-2.14067018949,50.0
1.495000,0.714068056761,-0.647723387685,0.789233115367,1.81815072884,-0.947233136519,0.790000105761,-2.15600999737,50.0
1.500000,0.71291757117,-0.656543777215,0.790383600958,1.81968470963,-0.93956323258,0.792301076943,-2.1648303869,50.0
1.505000,0.71291757117,-0.656543777215,0.790383600958,1.81968470963,-0.93956323258,0.792301076943,-2.1648303869,50.0
1.510000,0.71291757117,-0.656543777215,0.790383600958,1.81968470963,-0.93956323258,0.792301076943,-2.1648303869,50.0
1.515000,0.708315628806,-0.669199118715,0.790767096155,1.8239031568,-0.927674881474,0.795369038519,-2.1778692236,50.0
1.520000,0.707165143215,-0.674184556276,0.790767096155,1.82467014719,-0.923456434307,0.796903019306,-2.18208767077,50.0
1.525000,0.707165143215,-0.674184556276,0.790767096155,1.82467014719,-0.923456434307,0.796903019306,-2.18208767077,50.0
1.530000,0.707165143215,-0.674184556276,0.790767096155,1.82467014719,-0.923456434307,0.796903019306,-2.18208767077,50.0
1.535000,0.707165143215,-0.674184556276,0.790767096155,1.82467014719,-0.923456434307,0.796903019306,-2.18208767077,50.0
1.540000,0.707165143215,-0.674184556276,0.790767096155,1.82467014719,-0.923456434307,0.796903019306,-2.18208767077,50.0
1.545000,0.70026222967,-0.694126306518,0.790767096155,1.82965558475,-0.904281674458,0.802655447261,-2.20241291621,50.0
1.550000,0.698728248882,-0.698344753685,0.790767096155,1.83118956554,-0.900446722489,0.803422437655,-2.20739835377,50.0
1.555000,0.698728248882,-0.698344753685,0.790767096155,1.83118956554,-0.900446722489,0.803422437655,-2.20739835377,50.0
1.560000,0.698728248882,-0.698344753685,0.790767096155,1.83118956554,-0.900446722489,0.803422437655,-2.20739835377,50.0
1.565000,0.694126306518,-0.709849609594,0.791534086549,1.83387403192,-0.888174876186,0.808024380019,-2.21928670487,50.0
1.570000,0.692208830533,-0.713301066367,0.791534086549,1.83425752711,-0.883956429019,0.80917486561,-2.22312165684,50.0
1.575000,0.692208830533,-0.713301066367,0.791534086549,1.83425752711,-0.883956429019,0.80917486561,-2.22312165684,50.0
1.580000,0.692208830533,-0.713301066367,0.791534086549,1.83425752711,-0.883956429019,0.80917486561,-2.22312165684,50.0
1.585000,0.692208830533,-0.713301066367,0.791534086549,1.83425752711,-0.883956429019,0.80917486561,-2.22312165684,50.0
1.590000,0.689140868958,-0.726339903064,0.791917581746,1.83694199349,-0.871301087519,0.813009817579,-2.23577699834,50.0
1.595000,0.684538926594,-0.7343933022,0.791534086549,1.83962645987,-0.863247688383,0.815310788761,-2.24267991189,50.0
1.600000,0.683004945806,-0.737461263776,0.791150591352,1.84000995507,-0.859412736413,0.816461274352,-2.24613136866,50.0
1.605000,0.683004945806,-0.737461263776,0.791150591352,1.84000995507,-0.859412736413,0.816461274352,-2.24613136866,50.0
1.610000,0.683004945806,-0.737461263776,0.791150591352,1.84000995507,-0.859412736413,0.816461274352,-2.24613136866,50.0
1.615000,0.677636013048,-0.748199129291,0.790383600958,1.84307791664,-0.845990404519,0.819529235928,-2.25801971977,50.0
1.620000,0.676869022654,-0.752034081261,0.791917581746,1.84422840224,-0.841388462155,0.82183020711,-2.26147117654,50.0
1.625000,0.673801061079,-0.756636023624,0.791917581746,1.84461189743,-0.837553510185,0.82183020711,-2.26453913812,50.0
1.630000,0.673801061079,-0.756636023624,0.791917581746,1.84461189743,-0.837553510185,0.82183020711,-2.26453913812,50.0
1.635000,0.673801061079,-0.756636023624,0.791917581746,1.84461189743,-0.837553510185,0.82183020711,-2.26453913812,50.0
1.640000,0.668432128321,-0.768140879534,0.791534086549,1.84729636381,-0.826048654276,0.826048654276,-2.27681098442,50.0
1.645000,0.668432128321,-0.768140879534,0.791534086549,1.84729636381,-0.826048654276,0.826048654276,-2.27681098442,50.0
1.650000,0.668432128321,-0.768140879534,0.791534086549,1.84729636381,-0.826048654276,0.826048654276,-2.27681098442,50.0
1.655000,0.668432128321,-0.768140879534,0.791534086549,1.84729636381,-0.826048654276,0.826048654276,-2.27681098442,50.0
1.660000,0.668432128321,-0.768140879534,0.791534086549,1.84729636381,-0.826048654276,0.826048654276,-2.27681098442,50.0
1.665000,0.658077758003,-0.784247677806,0.791534086549,1.85113131578,-0.805723408837,0.832951567822,-2.29483525868,50.0
1.670000,0.656543777215,-0.787699134579,0.791150591352,1.85151481098,-0.801121466473,0.83448554861,-2.29828671545,50.0
1.675000,0.656543777215,-0.787699134579,0.791150591352,1.85151481098,-0.801121466473,0.83448554861,-2.29828671545,50.0
1.680000,0.656543777215,-0.787699134579,0.791150591352,1.85151481098,-0.801121466473,0.83448554861,-2.29828671545,50.0
1.685000,0.649257368473,-0.798053504897,0.791534086549,1.85419927736,-0.790383600958,0.837553510185,-2.30940807616,50.0
1.690000,0.649257368473,-0.798053504897,0.791534086549,1.85419927736,-0.790383600958,0.837553510185,-2.30940807616,50.0
1.695000,0.646956397291,-0.800737971276,0.790767096155,1.85458277255,-0.786548648988,0.83947098617,-2.31324302813,50.0
1.700000,0.646956397291,-0.800737971276,0.790767096155,1.85458277255,-0.786548648988,0.83947098617,-2.31324302813,50.0
1.705000,0.643888435715,-0.803422437655,0.791150591352,1.85496626775,-0.783480687412,0.840621471761,-2.3170779801,50.0
1.710000,0.643888435715,-0.803422437655,0.791150591352,1.85496626775,-0.783480687412,0.840621471761,-2.3170779801,50.0
1.715000,0.633917560594,-0.814927293564,0.790767096155,1.85956821011,-0.769291365125,0.844072928534,-2.33356827357,50.0
1.720000,0.632000084609,-0.819145740731,0.791150591352,1.86033520051,-0.765839908352,0.845606909322,-2.33817021593,50.0
1.725000,0.632000084609,-0.819145740731,0.791150591352,1.86033520051,-0.765839908352,0.845606909322,-2.33817021593,50.0
1.730000,0.632000084609,-0.819145740731,0.791150591352,1.86033520051,-0.765839908352,0.845606909322,-2.33817021593,50.0
1.735000,0.623563190275,-0.827582635064,0.791917581746,1.86225267649,-0.756252528428,0.849058366095,-2.35120905263,50.0
1.740000,0.623563190275,-0.827582635064,0.791917581746,1.86225267649,-0.756252528428,0.849058366095,-2.35120905263,50.0
1.745000,0.623563190275,-0.827582635064,0.791917581746,1.86225267649,-0.756252528428,0.849058366095,-2.35120905263,50.0
1.750000,0.623563190275,-0.827582635064,0.791917581746,1.86225267649,-0.756252528428,0.849058366095,-2.35120905263,50.0
1.755000,0.623563190275,-0.827582635064,0.791917581746,1.86225267649,-0.756252528428,0.849058366095,-2.35120905263,50.0
1.760000,0.609757363184,-0.839854481367,0.791917581746,1.86608762846,-0.741296215746,0.854043803655,-2.37191779327,50.0
1.765000,0.609757363184,-0.839854481367,0.791917581746,1.86608762846,-0.741296215746,0.854043803655,-2.37191779327,50.0
1.770000,0.609757363184,-0.839854481367,0.791917581746,1.86608762846,-0.741296215746,0.854043803655,-2.37191779327,50.0
1.775000,0.609757363184,-0.839854481367,0.791917581746,1.86608762846,-0.741296215746,0.854043803655,-2.37191779327,50.0
1.780000,0.609757363184,-0.839854481367,0.791917581746,1.86608762846,-0.741296215746,0.854043803655,-2.37191779327,50.0
1.785000,0.605538916018,-0.842922442943,0.791534086549,1.86762160925,-0.738611749367,0.854427298852,-2.37651973563,50.0
1.790000,0.590966098533,-0.853660308458,0.791534086549,1.87145656122,-0.726339903064,0.860179726807,-2.39914595225,50.0
1.795000,0.590966098533,-0.853660308458,0.791534086549,1.87145656122,-0.726339903064,0.860179726807,-2.39914595225,50.0
1.800000,0.590966098533,-0.853660308458,0.791534086549,1.87145656122,-0.726339903064,0.860179726807,-2.39914595225,50.0
1.805000,0.582145709003,-0.860179726807,0.792301076943,1.8737575324,-0.719053494321,0.862864193186,-2.41371876974,50.0
1.810000,0.582145709003,-0.860179726807,0.792301076943,1.8737575324,-0.719053494321,0.862864193186,-2.41371876974,50.0
1.815000,0.582145709003,-0.860179726807,0.792301076943,1.8737575324,-0.719053494321,0.862864193186,-2.41371876974,50.0
1.820000,0.578310757033,-0.861330212398,0.791534086549,1.8741410276,-0.717136018336,0.862864193186,-2.4190877025,50.0
1.825000,0.578310757033,-0.861330212398,0.791534086549,1.8741410276,-0.717136018336,0.862864193186,-2.4190877025,50.0
1.830000,0.578310757033,-0.861330212398,0.791534086549,1.8741410276,-0.717136018336,0.862864193186,-2.4190877025,50.0
1.835000,0.565655415533,-0.869383611534,0.791534086549,1.87682549398,-0.708699124003,0.867466135549,-2.43864595754,50.0
1.840000,0.565655415533,-0.869383611534,0.791534086549,1.87682549398,-0.708699124003,0.867466135549,-2.43864595754,50.0
1.845000,0.555301045215,-0.873985553898,0.791917581746,1.87835947477,-0.702946696048,0.869383611534,-2.45245178463,50.0
1.850000,0.551849588442,-0.875136039489,0.791917581746,1.87835947477,-0.701412715261,0.870917592322,-2.45743722219,50.0
1.855000,0.547631141275,-0.877053515473,0.791534086549,1.87835947477,-0.70026222967,0.872068077913,-2.46203916456,50.0
1.860000,0.547631141275,-0.877053515473,0.791534086549,1.87835947477,-0.70026222967,0.872068077913,-2.46203916456,50.0
1.865000,0.547631141275,-0.877053515473,0.791534086549,1.87835947477,-0.70026222967,0.872068077913,-2.46203916456,50.0
1.870000,0.547631141275,-0.877053515473,0.791534086549,1.87835947477,-0.70026222967,0.872068077913,-2.46203916456,50.0
1.875000,0.547631141275,-0.877053515473,0.791534086549,1.87835947477,-0.70026222967,0.872068077913,-2.46203916456,50.0
1.880000,0.529990362214,-0.883572933822,0.791150591352,1.88027695075,-0.694126306518,0.875519534686,-2.48658285716,50.0
1.885000,0.526538905442,-0.884723419413,0.791917581746,1.88066044595,-0.692975820927,0.877053515473,-2.49118479953,50.0
1.890000,0.526538905442,-0.884723419413,0.791917581746,1.88066044595,-0.692975820927,0.877053515473,-2.49118479953,50.0
1.895000,0.526538905442,-0.884723419413,0.791917581746,1.88066044595,-0.692975820927,0.877053515473,-2.49118479953,50.0
1.900000,0.515801039926,-0.887791380989,0.790767096155,1.87989345555,-0.690291354548,0.878587496261,-2.50422363622,50.0
1.905000,0.511199097563,-0.888174876186,0.791534086549,1.88027695075,-0.689524364154,0.879354486655,-2.50882557859,50.0
1.910000,0.50774764079,-0.889708856974,0.791917581746,1.87989345555,-0.689907859351,0.88127196264,-2.51304402575,50.0
1.915000,0.50774764079,-0.889708856974,0.791917581746,1.87989345555,-0.689907859351,0.88127196264,-2.51304402575,50.0
1.920000,0.50774764079,-0.889708856974,0.791917581746,1.87989345555,-0.689907859351,0.88127196264,-2.51304402575,50.0
1.925000,0.496626280078,-0.891242837761,0.790383600958,1.88066044595,-0.687990383367,0.884339924216,-2.52531587206,50.0
1.930000,0.492407832911,-0.892393323352,0.791150591352,1.87950996036,-0.688373878564,0.884339924216,-2.52953431922,50.0
1.935000,0.492407832911,-0.892393323352,0.791150591352,1.87950996036,-0.688373878564,0.884339924216,-2.52953431922,50.0
1.940000,0.492407832911,-0.892393323352,0.791150591352,1.87950996036,-0.688373878564,0.884339924216,-2.52953431922,50.0
1.945000,0.492407832911,-0.892393323352,0.791150591352,1.87950996036,-0.688373878564,0.884339924216,-2.52953431922,50.0
1.950000,0.488956376138,-0.892393323352,0.790383600958,1.87989345555,-0.688757373761,0.885490409807,-2.532985776,50.0
1.955000,0.472466082669,-0.893543808943,0.790000105761,1.87950996036,-0.688373878564,0.88894186658,-2.54947606947,50.0
1.960000,0.468631130699,-0.893543808943,0.790000105761,1.87989345555,-0.689524364154,0.889708856974,-2.55292752624,50.0
1.965000,0.468631130699,-0.893543808943,0.790000105761,1.87989345555,-0.689524364154,0.889708856974,-2.55292752624,50.0
1.970000,0.468631130699,-0.893543808943,0.790000105761,1.87989345555,-0.689524364154,0.889708856974,-2.55292752624,50.0
1.975000,0.456359284396,-0.894694294534,0.790000105761,1.88027695075,-0.689524364154,0.891242837761,-2.56558286774,50.0
1.980000,0.456359284396,-0.894694294534,0.790000105761,1.88027695075,-0.689524364154,0.891242837761,-2.56558286774,50.0
1.985000,0.456359284396,-0.894694294534,0.790000105761,1.88027695075,-0.689524364154,0.891242837761,-2.56558286774,50.0
1.990000,0.456359284396,-0.894694294534,0.790000105761,1.88027695075,-0.689524364154,0.891242837761,-2.56558286774,50.0
1.995000,0.456359284396,-0.894694294534,0.790000105761,1.88027695075,-0.689524364154,0.891242837761,-2.56558286774,50.0
2.000000,0.438718505335,-0.89392730414,0.790000105761,1.87912646516,-0.689907859351,0.893160313746,-2.58207316121,50.0
2.005000,0.430665106199,-0.892776818549,0.790767096155,1.87989345555,-0.690291354548,0.895077789731,-2.59012656034,50.0
2.010000,0.430665106199,-0.892776818549,0.790767096155,1.87989345555,-0.690291354548,0.895077789731,-2.59012656034,50.0
2.015000,0.430665106199,-0.892776818549,0.790767096155,1.87989345555,-0.690291354548,0.895077789731,-2.59012656034,50.0
2.020000,0.417626269502,-0.892776818549,0.790383600958,1.87912646516,-0.691058344942,0.896995265716,-2.60278190184,50.0
2.025000,0.417626269502,-0.892776818549,0.790383600958,1.87912646516,-0.691058344942,0.896995265716,-2.60278190184,50.0
2.030000,0.413791317532,-0.892393323352,0.791534086549,1.87835947477,-0.690291354548,0.898145751307,-2.60738384421,50.0
2.035000,0.413791317532,-0.892393323352,0.791534086549,1.87835947477,-0.690291354548,0.898145751307,-2.60738384421,50.0
2.040000,0.413791317532,-0.892393323352,0.791534086549,1.87835947477,-0.690291354548,0.898145751307,-2.60738384421,50.0
2.045000,0.409189375168,-0.891626332958,0.790383600958,1.87835947477,-0.691058344942,0.89776225611,-2.61160229137,50.0
2.050000,0.391932091305,-0.890475847367,0.789616610564,1.87720898917,-0.690674849745,0.899296236898,-2.62885957524,50.0
2.055000,0.38617966335,-0.889708856974,0.790767096155,1.87759248437,-0.691441840139,0.900063227292,-2.63269452721,50.0
2.060000,0.38617966335,-0.889708856974,0.790767096155,1.87759248437,-0.691441840139,0.900063227292,-2.63269452721,50.0
2.065000,0.38617966335,-0.889708856974,0.790767096155,1.87759248437,-0.691441840139,0.900063227292,-2.63269452721,50.0
2.070000,0.375058302638,-0.888558371383,0.78884962017,1.87759248437,-0.691058344942,0.898912741701,-2.64496637351,50.0
2.075000,0.375058302638,-0.888558371383,0.78884962017,1.87759248437,-0.691058344942,0.898912741701,-2.64496637351,50.0
2.080000,0.375058302638,-0.888558371383,0.78884962017,1.87759248437,-0.691058344942,0.898912741701,-2.64496637351,50.0
2.085000,0.375058302638,-0.888558371383,0.78884962017,1.87759248437,-0.691058344942,0.898912741701,-2.64496637351,50.0
2.090000,0.369305874683,-0.887407885792,0.789233115367,1.87797597957,-0.691825335336,0.899296236898,-2.64995181107,50.0
2.095000,0.35204859082,-0.88510691461,0.786548648988,1.87682549398,-0.692208830533,0.89776225611,-2.66835958053,50.0
2.100000,0.35204859082,-0.88510691461,0.786548648988,1.87682549398,-0.692208830533,0.89776225611,-2.66835958053,50.0
2.105000,0.35204859082,-0.88510691461,0.786548648988,1.87682549398,-0.692208830533,0.89776225611,-2.66835958053,50.0
2.110000,0.35204859082,-0.88510691461,0.786548648988,1.87682549398,-0.692208830533,0.89776225611,-2.66835958053,50.0
2.115000,0.35204859082,-0.88510691461,0.786548648988,1.87682549398,-0.692208830533,0.89776225611,-2.66835958053,50.0
2.120000,0.35204859082,-0.88510691461,0.786548648988,1.87682549398,-0.692208830533,0.89776225611,-2.66835958053,50.0
2.125000,0.324436936638,-0.879737981852,0.786165153791,1.87759248437,-0.693359316124,0.896611770519,-2.69367026353,50.0
2.130000,0.319451499077,-0.879354486655,0.785781658594,1.87682549398,-0.693742811321,0.896611770519,-2.69827220589,50.0
2.135000,0.319451499077,-0.879354486655,0.785781658594,1.87682549398,-0.693742811321,0.896611770519,-2.69827220589,50.0
2.140000,0.319451499077,-0.879354486655,0.785781658594,1.87682549398,-0.693742811321,0.896611770519,-2.69827220589,50.0
2.145000,0.306029167183,-0.876670020277,0.786165153791,1.87682549398,-0.694126306518,0.895844780125,-2.71207803298,50.0
2.150000,0.301810720016,-0.874369049095,0.785398163397,1.87644199878,-0.694893296912,0.895461284928,-2.71706347054,50.0
2.155000,0.296825282456,-0.874369049095,0.785398163397,1.87605850358,-0.694893296912,0.894694294534,-2.72128191771,50.0
2.160000,0.296825282456,-0.874369049095,0.785398163397,1.87605850358,-0.694893296912,0.894694294534,-2.72128191771,50.0
2.165000,0.296825282456,-0.874369049095,0.785398163397,1.87605850358,-0.694893296912,0.894694294534,-2.72128191771,50.0
2.170000,0.283402950562,-0.869767106731,0.785781658594,1.87682549398,-0.696810772897,0.892776818549,-2.73547124,50.0
2.175000,0.278801008198,-0.868233125943,0.785398163397,1.87605850358,-0.697577763291,0.893543808943,-2.74007318236,50.0
2.180000,0.273432075441,-0.867849630746,0.785781658594,1.87605850358,-0.698344753685,0.892393323352,-2.74429162953,50.0
2.185000,0.273432075441,-0.867849630746,0.785781658594,1.87605850358,-0.698344753685,0.892393323352,-2.74429162953,50.0
2.190000,0.273432075441,-0.867849630746,0.785781658594,1.87605850358,-0.698344753685,0.892393323352,-2.74429162953,50.0
2.195000,0.273432075441,-0.867849630746,0.785781658594,1.87605850358,-0.698344753685,0.892393323352,-2.74429162953,50.0
2.200000,0.273432075441,-0.867849630746,0.785781658594,1.87605850358,-0.698344753685,0.892393323352,-2.74429162953,50.0
2.205000,0.273432075441,-0.867849630746,0.785781658594,1.87605850358,-0.698344753685,0.892393323352,-2.74429162953,50.0
2.210000,0.256558286774,-0.860946717201,0.785781658594,1.87490801799,-0.701796210458,0.88894186658,-2.76116541819,50.0
2.215000,0.246587411653,-0.858262250822,0.7850146682,1.87529151319,-0.704480676836,0.887791380989,-2.76806833174,50.0
2.220000,0.237767022122,-0.854427298852,0.785398163397,1.8741410276,-0.706781648018,0.886640895398,-2.7734372645,50.0
2.225000,0.237767022122,-0.854427298852,0.785398163397,1.8741410276,-0.706781648018,0.886640895398,-2.7734372645,50.0
2.230000,0.237767022122,-0.854427298852,0.785398163397,1.8741410276,-0.706781648018,0.886640895398,-2.7734372645,50.0
2.235000,0.225111680622,-0.850592346882,0.784247677806,1.8737575324,-0.711383590382,0.886257400201,-2.78340813962,50.0
2.240000,0.219742747865,-0.846757394913,0.783480687412,1.8737575324,-0.713301066367,0.885490409807,-2.78647610119,50.0
2.245000,0.219742747865,-0.846757394913,0.783480687412,1.8737575324,-0.713301066367,0.885490409807,-2.78647610119,50.0
2.250000,0.219742747865,-0.846757394913,0.783480687412,1.8737575324,-0.713301066367,0.885490409807,-2.78647610119,50.0
2.255000,0.219742747865,-0.846757394913,0.783480687412,1.8737575324,-0.713301066367,0.885490409807,-2.78647610119,50.0
2.260000,0.216291291092,-0.845606909322,0.784247677806,1.8737575324,-0.715218542352,0.884339924216,-2.78877707238,50.0
2.265000,0.199800997622,-0.837937005382,0.784631173003,1.87145656122,-0.723271941488,0.883572933822,-2.79913144269,50.0
2.270000,0.199800997622,-0.837937005382,0.784631173003,1.87145656122,-0.723271941488,0.883572933822,-2.79913144269,50.0
2.275000,0.199800997622,-0.837937005382,0.784631173003,1.87145656122,-0.723271941488,0.883572933822,-2.79913144269,50.0
2.280000,0.199800997622,-0.837937005382,0.784631173003,1.87145656122,-0.723271941488,0.883572933822,-2.79913144269,50.0
2.285000,0.182160218561,-0.828733120655,0.7850146682,1.86877209484,-0.732859321412,0.884339924216,-2.80948581301,50.0
2.290000,0.178325266592,-0.827582635064,0.785781658594,1.86685461886,-0.7343933022,0.883956429019,-2.8106362986,50.0
2.295000,0.175257305016,-0.825665159079,0.7850146682,1.86647112366,-0.737077768579,0.883189438625,-2.81293726978,50.0
2.300000,0.175257305016,-0.825665159079,0.7850146682,1.86647112366,-0.737077768579,0.883189438625,-2.81293726978,50.0
2.305000,0.175257305016,-0.825665159079,0.7850146682,1.86647112366,-0.737077768579,0.883189438625,-2.81293726978,50.0
2.310000,0.164135944304,-0.817228264746,0.784631173003,1.86417015248,-0.744747672518,0.883956429019,-2.82060717372,50.0
2.315000,0.164135944304,-0.817228264746,0.784631173003,1.86417015248,-0.744747672518,0.883956429019,-2.82060717372,50.0
2.320000,0.164135944304,-0.817228264746,0.784631173003,1.86417015248,-0.744747672518,0.883956429019,-2.82060717372,50.0
2.325000,0.164135944304,-0.817228264746,0.784631173003,1.86417015248,-0.744747672518,0.883956429019,-2.82060717372,50.0
2.330000,0.153398078789,-0.809941856003,0.785398163397,1.8614856861,-0.752034081261,0.883956429019,-2.82520911609,50.0
2.335000,0.146495165243,-0.804189428049,0.784247677806,1.85880121972,-0.757786509215,0.884723419413,-2.82866057286,50.0
2.340000,0.146495165243,-0.804189428049,0.784247677806,1.85880121972,-0.757786509215,0.884723419413,-2.82866057286,50.0
2.345000,0.146495165243,-0.804189428049,0.784247677806,1.85880121972,-0.757786509215,0.884723419413,-2.82866057286,50.0
2.350000,0.134990309334,-0.795369038519,0.784631173003,1.85611675334,-0.765839908352,0.884339924216,-2.83326251522,50.0
2.355000,0.133072833349,-0.79268457214,0.784247677806,1.85534976295,-0.768907869928,0.883956429019,-2.83517999121,50.0
2.360000,0.130004871773,-0.790000105761,0.783480687412,1.85458277255,-0.771975831503,0.883956429019,-2.83556348641,50.0
2.365000,0.130004871773,-0.790000105761,0.783480687412,1.85458277255,-0.771975831503,0.883956429019,-2.83556348641,50.0
2.370000,0.130004871773,-0.790000105761,0.783480687412,1.85458277255,-0.771975831503,0.883956429019,-2.83556348641,50.0
2.375000,0.130004871773,-0.790000105761,0.783480687412,1.85458277255,-0.771975831503,0.883956429019,-2.83556348641,50.0
2.380000,0.130004871773,-0.790000105761,0.783480687412,1.85458277255,-0.771975831503,0.883956429019,-2.83556348641,50.0
2.385000,0.114281568697,-0.775043793079,0.784631173003,1.84614587822,-0.785781658594,0.884723419413,-2.84208290475,50.0
2.390000,0.110830111925,-0.771975831503,0.782713697019,1.84499539263,-0.78884962017,0.884339924216,-2.84208290475,50.0
2.395000,0.110830111925,-0.771975831503,0.782713697019,1.84499539263,-0.78884962017,0.884339924216,-2.84208290475,50.0
2.400000,0.110830111925,-0.771975831503,0.782713697019,1.84499539263,-0.78884962017,0.884339924216,-2.84208290475,50.0
2.405000,0.101626227197,-0.762771946776,0.783480687412,1.84039345027,-0.79651952411,0.883956429019,-2.84400038074,50.0
2.410000,0.0981747704247,-0.759320490003,0.784247677806,1.83924296467,-0.798820495291,0.884339924216,-2.84476737113,50.0
2.415000,0.0951068088489,-0.756252528428,0.783864182609,1.8365584983,-0.80150496167,0.884339924216,-2.84476737113,50.0
2.420000,0.0951068088489,-0.756252528428,0.783864182609,1.8365584983,-0.80150496167,0.884339924216,-2.84476737113,50.0
2.425000,0.0951068088489,-0.756252528428,0.783864182609,1.8365584983,-0.80150496167,0.884339924216,-2.84476737113,50.0
2.430000,0.0870534097125,-0.745898158109,0.783480687412,1.83195655593,-0.80917486561,0.884339924216,-2.84476737113,50.0
2.435000,0.0870534097125,-0.745898158109,0.783480687412,1.83195655593,-0.80917486561,0.884339924216,-2.84476737113,50.0
2.440000,0.0870534097125,-0.745898158109,0.783480687412,1.83195655593,-0.80917486561,0.884339924216,-2.84476737113,50.0
2.445000,0.0870534097125,-0.745898158109,0.783480687412,1.83195655593,-0.80917486561,0.884339924216,-2.84476737113,50.0
2.450000,0.0828349625458,-0.741296215746,0.784247677806,1.83118956554,-0.811859331988,0.884339924216,-2.84476737113,50.0
2.455000,0.0747815634094,-0.727873883852,0.784247677806,1.8235196616,-0.820296226322,0.883572933822,-2.84476737113,50.0
2.460000,0.0717136018336,-0.724422427079,0.782713697019,1.82160218561,-0.822980692701,0.883956429019,-2.84438387594,50.0
2.465000,0.0717136018336,-0.724422427079,0.782713697019,1.82160218561,-0.822980692701,0.883956429019,-2.84438387594,50.0
2.470000,0.0717136018336,-0.724422427079,0.782713697019,1.82160218561,-0.822980692701,0.883956429019,-2.84438387594,50.0
2.475000,0.0640436978942,-0.714068056761,0.783864182609,1.81584975766,-0.829500111049,0.883572933822,-2.84591785672,50.0
2.480000,0.0621262219094,-0.711000095185,0.783480687412,1.81469927207,-0.83065059664,0.883189438625,-2.84553436153,50.0
2.485000,0.0621262219094,-0.711000095185,0.783480687412,1.81469927207,-0.83065059664,0.883189438625,-2.84553436153,50.0
2.490000,0.0621262219094,-0.711000095185,0.783480687412,1.81469927207,-0.83065059664,0.883189438625,-2.84553436153,50.0
2.495000,0.0621262219094,-0.711000095185,0.783480687412,1.81469927207,-0.83065059664,0.883189438625,-2.84553436153,50.0
2.500000,0.0621262219094,-0.711000095185,0.783480687412,1.81469927207,-0.83065059664,0.883189438625,-2.84553436153,50.0
2.505000,0.0490873852123,-0.692208830533,0.782713697019,1.80511189214,-0.841771957352,0.882422448231,-2.84476737113,50.0
2.510000,0.0471699092275,-0.689524364154,0.781563211428,1.80396140655,-0.844456423731,0.883189438625,-2.84591785672,50.0
2.515000,0.0471699092275,-0.689524364154,0.781563211428,1.80396140655,-0.844456423731,0.883189438625,-2.84591785672,50.0
2.520000,0.0471699092275,-0.689524364154,0.781563211428,1.80396140655,-0.844456423731,0.883189438625,-2.84591785672,50.0
2.525000,0.0410339860759,-0.678403003442,0.782713697019,1.7974419882,-0.849825356489,0.883572933822,-2.84553436153,50.0
2.530000,0.0410339860759,-0.678403003442,0.782713697019,1.7974419882,-0.849825356489,0.883572933822,-2.84553436153,50.0
2.535000,0.0410339860759,-0.678403003442,0.782713697019,1.7974419882,-0.849825356489,0.883572933822,-2.84553436153,50.0
2.540000,0.0410339860759,-0.678403003442,0.782713697019,1.7974419882,-0.849825356489,0.883572933822,-2.84553436153,50.0
2.545000,0.0387330148941,-0.67495154667,0.782713697019,1.79514101702,-0.852893318064,0.883956429019,-2.84553436153,50.0
2.550000,0.0352815581214,-0.668432128321,0.782330201822,1.79207305545,-0.856344774837,0.883572933822,-2.84591785672,50.0
2.555000,0.0310631109547,-0.659611738791,0.782330201822,1.78862159867,-0.860946717201,0.884723419413,-2.84591785672,50.0
2.560000,0.0310631109547,-0.659611738791,0.782330201822,1.78862159867,-0.860946717201,0.884723419413,-2.84591785672,50.0
2.565000,0.0237767022122,-0.648490378079,0.781946706625,1.78210218033,-0.867082640352,0.884339924216,-2.84630135192,50.0
2.570000,0.0226262166213,-0.645422416503,0.781563211428,1.78018470434,-0.870917592322,0.884339924216,-2.84630135192,50.0
2.575000,0.0195582550455,-0.642354454927,0.781179716231,1.77941771395,-0.872835068307,0.883956429019,-2.84630135192,50.0
2.580000,0.0195582550455,-0.642354454927,0.781179716231,1.77941771395,-0.872835068307,0.883956429019,-2.84630135192,50.0
2.585000,0.0195582550455,-0.642354454927,0.781179716231,1.77941771395,-0.872835068307,0.883956429019,-2.84630135192,50.0
2.590000,0.0195582550455,-0.642354454927,0.781179716231,1.77941771395,-0.872835068307,0.883956429019,-2.84630135192,50.0
2.595000,0.0195582550455,-0.642354454927,0.781179716231,1.77941771395,-0.872835068307,0.883956429019,-2.84630135192,50.0
2.600000,0.0164902934698,-0.635451541382,0.782330201822,1.77519926678,-0.87743701067,0.882805943428,-2.84706834232,50.0
2.605000,0.0111213607122,-0.624713675866,0.781179716231,1.77021382922,-0.88510691461,0.883572933822,-2.84706834232,50.0
2.610000,0.0111213607122,-0.624713675866,0.781179716231,1.77021382922,-0.88510691461,0.883572933822,-2.84706834232,50.0
2.615000,0.0111213607122,-0.624713675866,0.781179716231,1.77021382922,-0.88510691461,0.883572933822,-2.84706834232,50.0
2.620000,0.00882038953034,-0.620111733503,0.781179716231,1.76829635323,-0.887024390595,0.883189438625,-2.84630135192,50.0
2.625000,0.00230097118183,-0.605922411215,0.781563211428,1.7606264493,-0.897378760913,0.882805943428,-2.84668484712,50.0
2.630000,0.00153398078789,-0.602470954442,0.78002923064,1.7594759637,-0.899296236898,0.882805943428,-2.84668484712,50.0
2.635000,0.00153398078789,-0.602470954442,0.78002923064,1.7594759637,-0.899296236898,0.882805943428,-2.84668484712,50.0
2.640000,0.00153398078789,-0.602470954442,0.78002923064,1.7594759637,-0.899296236898,0.882805943428,-2.84668484712,50.0
2.645000,-0.00345145677274,-0.59134959373,0.781179716231,1.75410703095,-0.90658264564,0.882422448231,-2.84745183751,50.0
2.650000,-0.00345145677274,-0.59134959373,0.781179716231,1.75410703095,-0.90658264564,0.882422448231,-2.84745183751,50.0
2.655000,-0.00345145677274,-0.59134959373,0.781179716231,1.75410703095,-0.90658264564,0.882422448231,-2.84745183751,50.0
2.660000,-0.00345145677274,-0.59134959373,0.781179716231,1.75410703095,-0.90658264564,0.882422448231,-2.84745183751,50.0
2.665000,-0.00345145677274,-0.59134959373,0.781179716231,1.75410703095,-0.90658264564,0.882422448231,-2.84745183751,50.0
2.670000,-0.0115048559091,-0.573708814669,0.782330201822,1.74528664142,-0.917704006352,0.880888467443,-2.84745183751,50.0
2.675000,-0.013038836697,-0.569490367502,0.781946706625,1.74413615583,-0.920004977534,0.880888467443,-2.84745183751,50.0
2.680000,-0.013038836697,-0.569490367502,0.781946706625,1.74413615583,-0.920004977534,0.880888467443,-2.84745183751,50.0
2.685000,-0.013038836697,-0.569490367502,0.781946706625,1.74413615583,-0.920004977534,0.880888467443,-2.84745183751,50.0
2.690000,-0.0164902934698,-0.55836900679,0.780796221034,1.73838372787,-0.926140900686,0.879354486655,-2.84745183751,50.0
2.695000,-0.0176407790607,-0.556451530805,0.781179716231,1.73723324228,-0.927674881474,0.878204001064,-2.8486023231,50.0
2.700000,-0.0187912646516,-0.552233083639,0.781946706625,1.7353157663,-0.929975852656,0.87743701067,-2.8489858183,50.0
2.705000,-0.0187912646516,-0.552233083639,0.781946706625,1.7353157663,-0.929975852656,0.87743701067,-2.8489858183,50.0
2.710000,-0.0187912646516,-0.552233083639,0.781946706625,1.7353157663,-0.929975852656,0.87743701067,-2.8489858183,50.0
2.715000,-0.0226262166213,-0.54072822773,0.779645735443,1.73109731913,-0.93572828061,0.874369049095,-2.84975280869,50.0
2.720000,-0.0241601974092,-0.537276770957,0.780796221034,1.72879634795,-0.936495271004,0.873602058701,-2.85051979909,50.0
2.725000,-0.0260776733941,-0.532674828593,0.781179716231,1.72611188157,-0.939179737383,0.872068077913,-2.85013630389,50.0
2.730000,-0.0260776733941,-0.532674828593,0.781179716231,1.72611188157,-0.939179737383,0.872068077913,-2.85013630389,50.0
2.735000,-0.0260776733941,-0.532674828593,0.781179716231,1.72611188157,-0.939179737383,0.872068077913,-2.85013630389,50.0
2.740000,-0.0260776733941,-0.532674828593,0.781179716231,1.72611188157,-0.939179737383,0.872068077913,-2.85013630389,50.0
2.745000,-0.0260776733941,-0.532674828593,0.781179716231,1.72611188157,-0.939179737383,0.872068077913,-2.85013630389,50.0
2.750000,-0.0260776733941,-0.532674828593,0.781179716231,1.72611188157,-0.939179737383,0.872068077913,-2.85013630389,50.0
2.755000,-0.0302961205607,-0.51656803032,0.778495249852,1.71920896802,-0.946466146125,0.866315649958,-2.85320426547,50.0
2.760000,-0.0318301013486,-0.510432107169,0.777344764261,1.71575751125,-0.94838362211,0.862480697989,-2.85473824625,50.0
2.765000,-0.0318301013486,-0.510432107169,0.777344764261,1.71575751125,-0.94838362211,0.862480697989,-2.85473824625,50.0
2.770000,-0.0318301013486,-0.510432107169,0.777344764261,1.71575751125,-0.94838362211,0.862480697989,-2.85473824625,50.0
2.775000,-0.0318301013486,-0.510432107169,0.777344764261,1.71575751125,-0.94838362211,0.862480697989,-2.85473824625,50.0
2.780000,-0.0345145677274,-0.50391268882,0.777344764261,1.71307304487,-0.951068088489,0.85979623161,-2.85665572224,50.0
2.785000,-0.0345145677274,-0.50391268882,0.777344764261,1.71307304487,-0.951068088489,0.85979623161,-2.85665572224,50.0
2.790000,-0.0345145677274,-0.50391268882,0.777344764261,1.71307304487,-0.951068088489,0.85979623161,-2.85665572224,50.0
2.795000,-0.0356650533183,-0.500077736851,0.776961269064,1.71115556889,-0.953369059671,0.858645746019,-2.85703921744,50.0
2.800000,-0.0383495196971,-0.483970938578,0.775810783473,1.70310216975,-0.960271973216,0.851742832473,-2.86010717901,50.0
2.805000,-0.040266995682,-0.480519481805,0.775043793079,1.70233517936,-0.961805954004,0.850208851685,-2.86010717901,50.0
2.810000,-0.040266995682,-0.480519481805,0.775043793079,1.70233517936,-0.961805954004,0.850208851685,-2.86010717901,50.0
2.815000,-0.040266995682,-0.480519481805,0.775043793079,1.70233517936,-0.961805954004,0.850208851685,-2.86010717901,50.0
2.820000,-0.040650490879,-0.471315597078,0.774276802685,1.69811673219,-0.966024401171,0.845990404519,-2.8612576646,50.0
2.825000,-0.040650490879,-0.471315597078,0.774276802685,1.69811673219,-0.966024401171,0.845990404519,-2.8612576646,50.0
2.830000,-0.040650490879,-0.471315597078,0.774276802685,1.69811673219,-0.966024401171,0.845990404519,-2.8612576646,50.0
2.835000,-0.040650490879,-0.471315597078,0.774276802685,1.69811673219,-0.966024401171,0.845990404519,-2.8612576646,50.0
2.840000,-0.040650490879,-0.471315597078,0.774276802685,1.69811673219,-0.966024401171,0.845990404519,-2.8612576646,50.0
2.845000,-0.040650490879,-0.471315597078,0.774276802685,1.69811673219,-0.966024401171,0.845990404519,-2.8612576646,50.0
2.850000,-0.0444854428487,-0.452907827623,0.771975831503,1.69006333305,-0.975995276292,0.836403024595,-2.86317514059,50.0
2.855000,-0.0444854428487,-0.452907827623,0.771975831503,1.69006333305,-0.975995276292,0.836403024595,-2.86317514059,50.0
2.860000,-0.0444854428487,-0.452907827623,0.771975831503,1.69006333305,-0.975995276292,0.836403024595,-2.86317514059,50.0
2.865000,-0.0448689380456,-0.442936952502,0.770825345912,1.68776236187,-0.982131199444,0.833335063019,-2.86240815019,50.0
2.870000,-0.0464029188335,-0.439868990926,0.769674860322,1.68507789549,-0.983281685035,0.831417587034,-2.86279164539,50.0
2.875000,-0.0464029188335,-0.439868990926,0.769674860322,1.68507789549,-0.983281685035,0.831417587034,-2.86279164539,50.0
2.880000,-0.0464029188335,-0.439868990926,0.769674860322,1.68507789549,-0.983281685035,0.831417587034,-2.86279164539,50.0
2.885000,-0.0464029188335,-0.439868990926,0.769674860322,1.68507789549,-0.983281685035,0.831417587034,-2.86279164539,50.0
2.890000,-0.0475534044244,-0.42798063982,0.76737388914,1.68085944833,-0.990568093777,0.826432149473,-2.86279164539,50.0
2.895000,-0.0471699092275,-0.426446659032,0.765839908352,1.67970896273,-0.992485569762,0.825281663882,-2.86355863579,50.0
2.900000,-0.0471699092275,-0.426446659032,0.765839908352,1.67970896273,-0.992485569762,0.825281663882,-2.86355863579,50.0
2.905000,-0.0471699092275,-0.426446659032,0.765839908352,1.67970896273,-0.992485569762,0.825281663882,-2.86355863579,50.0
2.910000,-0.0471699092275,-0.426446659032,0.765839908352,1.67970896273,-0.992485569762,0.825281663882,-2.86355863579,50.0
2.915000,-0.0467864140305,-0.414558307926,0.763922432367,1.67434002998,-1.0001554737,0.819912731125,-2.86317514059,50.0
2.920000,-0.0479368996214,-0.41149034635,0.76353893717,1.67434002998,-1.00360693047,0.817228264746,-2.86279164539,50.0
2.925000,-0.0487038900154,-0.409189375168,0.762771946776,1.67280604919,-1.00437392087,0.816461274352,-2.86240815019,50.0
2.930000,-0.0487038900154,-0.409189375168,0.762771946776,1.67280604919,-1.00437392087,0.816461274352,-2.86240815019,50.0
2.935000,-0.0487038900154,-0.409189375168,0.762771946776,1.67280604919,-1.00437392087,0.816461274352,-2.86240815019,50.0
2.940000,-0.0498543756063,-0.401519471229,0.760470975594,1.67050507801,-1.01012634882,0.813009817579,-2.86279164539,50.0
2.945000,-0.0498543756063,-0.399218500047,0.759320490003,1.66897109722,-1.01166032961,0.811475836791,-2.86355863579,50.0
2.950000,-0.0483203948184,-0.396150538471,0.758936994806,1.66820410683,-1.01396130079,0.810708846397,-2.86240815019,50.0
2.955000,-0.0483203948184,-0.396150538471,0.758936994806,1.66820410683,-1.01396130079,0.810708846397,-2.86240815019,50.0
2.960000,-0.0483203948184,-0.396150538471,0.758936994806,1.66820410683,-1.01396130079,0.810708846397,-2.86240815019,50.0
2.965000,-0.0494708804093,-0.388864129729,0.756636023624,1.66436915486,-1.01894673835,0.806873894428,-2.86355863579,50.0
2.970000,-0.0490873852123,-0.387330148941,0.756636023624,1.66360216446,-1.02048071914,0.80533991364,-2.86240815019,50.0
2.975000,-0.0498543756063,-0.383878692168,0.756252528428,1.66245167887,-1.02201469993,0.804189428049,-2.86317514059,50.0
2.980000,-0.0498543756063,-0.383878692168,0.756252528428,1.66245167887,-1.02201469993,0.804189428049,-2.86317514059,50.0
2.985000,-0.0498543756063,-0.383878692168,0.756252528428,1.66245167887,-1.02201469993,0.804189428049,-2.86317514059,50.0
2.990000,-0.0487038900154,-0.37735927382,0.75471854764,1.6593837173,-1.0258496519,0.801121466473,-2.86279164539,50.0
2.995000,-0.0487038900154,-0.37735927382,0.75471854764,1.6593837173,-1.0258496519,0.801121466473,-2.86279164539,50.0
3.000000,-0.0487038900154,-0.37735927382,0.75471854764,1.6593837173,-1.0258496519,0.801121466473,-2.86279164539,50.0
3.005000,-0.0487038900154,-0.37735927382,0.75471854764,1.6593837173,-1.0258496519,0.801121466473,-2.86279164539,50.0
3.010000,-0.0487038900154,-0.37735927382,0.75471854764,1.6593837173,-1.0258496519,0.801121466473,-2.86279164539,50.0
3.015000,-0.0483203948184,-0.366621408305,0.751267090867,1.65363128934,-1.03160207985,0.795752533716,-2.86279164539,50.0
3.020000,-0.0490873852123,-0.36470393232,0.751650586064,1.65363128934,-1.03275256544,0.794985543322,-2.862024655,50.0
3.025000,-0.0490873852123,-0.36470393232,0.751650586064,1.65363128934,-1.03275256544,0.794985543322,-2.862024655,50.0
3.030000,-0.0490873852123,-0.36470393232,0.751650586064,1.65363128934,-1.03275256544,0.794985543322,-2.862024655,50.0
3.035000,-0.0483203948184,-0.357801018774,0.750500100473,1.65094682296,-1.03543703182,0.791150591352,-2.86279164539,50.0
3.040000,-0.0483203948184,-0.357801018774,0.750500100473,1.65094682296,-1.03543703182,0.791150591352,-2.86279164539,50.0
3.045000,-0.0494708804093,-0.355883542789,0.749349614882,1.64979633737,-1.03658751741,0.790000105761,-2.86279164539,50.0
3.050000,-0.0494708804093,-0.355883542789,0.749349614882,1.64979633737,-1.03658751741,0.790000105761,-2.86279164539,50.0
3.055000,-0.0494708804093,-0.355883542789,0.749349614882,1.64979633737,-1.03658751741,0.790000105761,-2.86279164539,50.0
3.060000,-0.0483203948184,-0.353966066805,0.749733110079,1.64979633737,-1.03735450781,0.789233115367,-2.86240815019,50.0
3.065000,-0.0479368996214,-0.348980629244,0.748966119685,1.64672837579,-1.0388884886,0.786165153791,-2.86279164539,50.0
3.070000,-0.0479368996214,-0.348980629244,0.748966119685,1.64672837579,-1.0388884886,0.786165153791,-2.86279164539,50.0
3.075000,-0.0479368996214,-0.348980629244,0.748966119685,1.64672837579,-1.0388884886,0.786165153791,-2.86279164539,50.0
3.080000,-0.0479368996214,-0.342844706092,0.7470486437,1.64366041422,-1.04080596458,0.783480687412,-2.86240815019,50.0
3.085000,-0.0479368996214,-0.342844706092,0.7470486437,1.64366041422,-1.04080596458,0.783480687412,-2.86240815019,50.0
3.090000,-0.0479368996214,-0.339009754123,0.747815634094,1.64250992863,-1.04118945978,0.783097192216,-2.86317514059,50.0
3.095000,-0.0479368996214,-0.339009754123,0.747815634094,1.64250992863,-1.04118945978,0.783097192216,-2.86317514059,50.0
3.100000,-0.0483203948184,-0.334024316562,0.748199129291,1.64020895745,-1.04310693576,0.781179716231,-2.86317514059,50.0
3.105000,-0.0475534044244,-0.332490335774,0.748199129291,1.63982546225,-1.04310693576,0.779262240246,-2.86240815019,50.0
3.110000,-0.0464029188335,-0.330572859789,0.746665148503,1.63944196705,-1.04310693576,0.778878745049,-2.86279164539,50.0
3.115000,-0.0464029188335,-0.330572859789,0.746665148503,1.63944196705,-1.04310693576,0.778878745049,-2.86279164539,50.0
3.120000,-0.0464029188335,-0.330572859789,0.746665148503,1.63944196705,-1.04310693576,0.778878745049,-2.86279164539,50.0
3.125000,-0.0464029188335,-0.330572859789,0.746665148503,1.63944196705,-1.04310693576,0.778878745049,-2.86279164539,50.0
3.130000,-0.0464029188335,-0.330572859789,0.746665148503,1.63944196705,-1.04310693576,0.778878745049,-2.86279164539,50.0
3.135000,-0.0467864140305,-0.324436936638,0.747815634094,1.63675750067,-1.04502441175,0.776577773867,-2.86355863579,50.0
3.140000,-0.0467864140305,-0.321752470259,0.746665148503,1.63599051028,-1.04502441175,0.77619427867,-2.86279164539,50.0
3.145000,-0.0467864140305,-0.321752470259,0.746665148503,1.63599051028,-1.04502441175,0.77619427867,-2.86279164539,50.0
3.150000,-0.0467864140305,-0.321752470259,0.746665148503,1.63599051028,-1.04502441175,0.77619427867,-2.86279164539,50.0
3.155000,-0.0464029188335,-0.319451499077,0.747432138897,1.63560701508,-1.04617489734,0.774660297882,-2.86240815019,50.0
3.160000,-0.0464029188335,-0.319451499077,0.747432138897,1.63560701508,-1.04617489734,0.774660297882,-2.86240815019,50.0
3.165000,-0.0464029188335,-0.319451499077,0.747432138897,1.63560701508,-1.04617489734,0.774660297882,-2.86240815019,50.0
3.170000,-0.0464029188335,-0.319451499077,0.747432138897,1.63560701508,-1.04617489734,0.774660297882,-2.86240815019,50.0
3.175000,-0.0464029188335,-0.317150527895,0.748199129291,1.63560701508,-1.04655839253,0.774276802685,-2.86317514059,50.0
3.180000,-0.0471699092275,-0.316000042304,0.748199129291,1.63522351989,-1.04770887813,0.773509812291,-2.86317514059,50.0
3.185000,-0.0464029188335,-0.313315575926,0.747815634094,1.63445652949,-1.04847586852,0.773126317094,-2.86279164539,50.0
3.190000,-0.0464029188335,-0.313315575926,0.747815634094,1.63445652949,-1.04847586852,0.773126317094,-2.86279164539,50.0
3.195000,-0.0456359284396,-0.309864119153,0.747432138897,1.63407303429,-1.05192732529,0.772742821897,-2.86240815019,50.0
3.200000,-0.0456359284396,-0.309097128759,0.7470486437,1.63445652949,-1.05192732529,0.771975831503,-2.86279164539,50.0
3.205000,-0.0441019476517,-0.308330138365,0.7470486437,1.63522351989,-1.05384480128,0.771975831503,-2.86355863579,50.0
3.210000,-0.0441019476517,-0.308330138365,0.7470486437,1.63522351989,-1.05384480128,0.771975831503,-2.86355863579,50.0
3.215000,-0.0441019476517,-0.308330138365,0.7470486437,1.63522351989,-1.05384480128,0.771975831503,-2.86355863579,50.0
3.220000,-0.0448689380456,-0.306029167183,0.746281653306,1.63484002469,-1.05729625805,0.771592336306,-2.86240815019,50.0
3.225000,-0.0456359284396,-0.304878681592,0.746281653306,1.63445652949,-1.05921373403,0.7723593267,-2.8616411598,50.0
3.230000,-0.0448689380456,-0.304111691198,0.746281653306,1.63522351989,-1.06113121002,0.772742821897,-2.86279164539,50.0
3.235000,-0.0448689380456,-0.304111691198,0.746281653306,1.63522351989,-1.06113121002,0.772742821897,-2.86279164539,50.0
3.240000,-0.0448689380456,-0.304111691198,0.746281653306,1.63522351989,-1.06113121002,0.772742821897,-2.86279164539,50.0
3.245000,-0.0448689380456,-0.304111691198,0.746281653306,1.63522351989,-1.06113121002,0.772742821897,-2.86279164539,50.0
3.250000,-0.0437184524547,-0.303344700804,0.747432138897,1.63599051028,-1.063048686,0.775043793079,-2.86317514059,50.0
3.255000,-0.0441019476517,-0.302961205607,0.748966119685,1.63484002469,-1.06611664758,0.776961269064,-2.86279164539,50.0
3.260000,-0.0429514620608,-0.303344700804,0.748966119685,1.63560701508,-1.06765062837,0.778495249852,-2.86317514059,50.0
3.265000,-0.0429514620608,-0.303344700804,0.748966119685,1.63560701508,-1.06765062837,0.778495249852,-2.86317514059,50.0
3.270000,-0.0429514620608,-0.303344700804,0.748966119685,1.63560701508,-1.06765062837,0.778495249852,-2.86317514059,50.0
3.275000,-0.0421844716668,-0.302961205607,0.750116605276,1.63445652949,-1.07110208514,0.780796221034,-2.862024655,50.0
3.280000,-0.0421844716668,-0.302961205607,0.750116605276,1.63445652949,-1.07110208514,0.780796221034,-2.862024655,50.0
3.285000,-0.0421844716668,-0.302961205607,0.750116605276,1.63445652949,-1.07110208514,0.780796221034,-2.862024655,50.0
3.290000,-0.0421844716668,-0.302961205607,0.750116605276,1.63445652949,-1.07110208514,0.780796221034,-2.862024655,50.0
3.295000,-0.0421844716668,-0.302961205607,0.750116605276,1.63445652949,-1.07110208514,0.780796221034,-2.862024655,50.0
3.300000,-0.0418009764699,-0.318301013486,0.755485538034,1.64097594784,-1.06573315238,0.788466124973,-2.86087416941,100.0
3.305000,-0.0418009764699,-0.318301013486,0.755485538034,1.64097594784,-1.06573315238,0.788466124973,-2.86087416941,100.0
3.310000,-0.0418009764699,-0.318301013486,0.755485538034,1.64097594784,-1.06573315238,0.788466124973,-2.86087416941,100.0
3.315000,-0.0418009764699,-0.31906800388,0.755485538034,1.64174293823,-1.06534965719,0.789233115367,-2.862024655,100.0
3.320000,-0.0414174812729,-0.31906800388,0.755485538034,1.64174293823,-1.06534965719,0.78884962017,-2.86240815019,100.0
3.325000,-0.0414174812729,-0.31906800388,0.755485538034,1.64174293823,-1.06534965719,0.78884962017,-2.86240815019,100.0
3.330000,-0.0414174812729,-0.31906800388,0.755485538034,1.64174293823,-1.06534965719,0.78884962017,-2.86240815019,100.0
3.335000,-0.0414174812729,-0.31906800388,0.755485538034,1.64174293823,-1.06534965719,0.78884962017,-2.86240815019,100.0
3.340000,-0.0421844716668,-0.320218489471,0.757019518821,1.64174293823,-1.06496616199,0.788082629776,-2.86240815019,100.0
3.345000,-0.0418009764699,-0.321752470259,0.757403014018,1.64289342383,-1.0641991716,0.788082629776,-2.862024655,100.0
3.350000,-0.0418009764699,-0.322519460653,0.758170004412,1.64442740461,-1.0638156764,0.788082629776,-2.86355863579,100.0
3.355000,-0.0418009764699,-0.322519460653,0.758170004412,1.64442740461,-1.0638156764,0.788082629776,-2.86355863579,100.0
3.360000,-0.0418009764699,-0.322519460653,0.758170004412,1.64442740461,-1.0638156764,0.788082629776,-2.86355863579,100.0
3.365000,-0.0418009764699,-0.324053441441,0.758936994806,1.6459613854,-1.0634321812,0.789233115367,-2.86355863579,100.0
3.370000,-0.0425679668638,-0.325203927032,0.760087480397,1.6463448806,-1.0641991716,0.788466124973,-2.86240815019,100.0
3.375000,-0.0410339860759,-0.325970917426,0.760087480397,1.64711187099,-1.0634321812,0.78884962017,-2.86240815019,100.0
3.380000,-0.0410339860759,-0.325970917426,0.760087480397,1.64711187099,-1.0634321812,0.78884962017,-2.86240815019,100.0
3.385000,-0.0410339860759,-0.325970917426,0.760087480397,1.64711187099,-1.0634321812,0.78884962017,-2.86240815019,100.0
3.390000,-0.0421844716668,-0.328271888607,0.762388451579,1.64864585178,-1.06266519081,0.788082629776,-2.862024655,100.0
3.395000,-0.0421844716668,-0.328271888607,0.762388451579,1.64864585178,-1.06266519081,0.788082629776,-2.862024655,100.0
3.400000,-0.0421844716668,-0.328271888607,0.762388451579,1.64864585178,-1.06266519081,0.788082629776,-2.862024655,100.0
3.405000,-0.0421844716668,-0.328271888607,0.762388451579,1.64864585178,-1.06266519081,0.788082629776,-2.862024655,100.0
3.410000,-0.0421844716668,-0.328271888607,0.762388451579,1.64864585178,-1.06266519081,0.788082629776,-2.862024655,100.0
3.415000,-0.0418009764699,-0.327888393411,0.763155441973,1.64902934698,-1.06266519081,0.788082629776,-2.8616411598,100.0
3.420000,-0.0425679668638,-0.333640821365,0.766223403549,1.65209730855,-1.063048686,0.789233115367,-2.862024655,100.0
3.425000,-0.0425679668638,-0.333640821365,0.766223403549,1.65209730855,-1.063048686,0.789233115367,-2.862024655,100.0
3.430000,-0.0425679668638,-0.333640821365,0.766223403549,1.65209730855,-1.063048686,0.789233115367,-2.862024655,100.0
3.435000,-0.0425679668638,-0.337092278138,0.768524374731,1.65363128934,-1.063048686,0.789616610564,-2.862024655,100.0
3.440000,-0.0425679668638,-0.337092278138,0.768524374731,1.65363128934,-1.063048686,0.789616610564,-2.862024655,100.0
3.445000,-0.0429514620608,-0.338626258926,0.768907869928,1.65478177493,-1.0638156764,0.790000105761,-2.86240815019,100.0
3.450000,-0.0429514620608,-0.338626258926,0.768907869928,1.65478177493,-1.0638156764,0.790000105761,-2.86240815019,100.0
3.455000,-0.0429514620608,-0.338626258926,0.768907869928,1.65478177493,-1.0638156764,0.790000105761,-2.86240815019,100.0
3.460000,-0.0429514620608,-0.343228201289,0.771592336306,1.6582332317,-1.0634321812,0.791917581746,-2.86240815019,100.0
3.465000,-0.0421844716668,-0.34437868688,0.772742821897,1.6593837173,-1.0634321812,0.793451562534,-2.862024655,100.0
3.470000,-0.0425679668638,-0.346296162865,0.772742821897,1.66015070769,-1.063048686,0.793835057731,-2.86240815019,100.0
3.475000,-0.0425679668638,-0.346296162865,0.772742821897,1.66015070769,-1.063048686,0.793835057731,-2.86240815019,100.0
3.480000,-0.0425679668638,-0.346296162865,0.772742821897,1.66015070769,-1.063048686,0.793835057731,-2.86240815019,100.0
3.485000,-0.0425679668638,-0.350514610032,0.775810783473,1.66283517407,-1.063048686,0.796136028913,-2.8616411598,100.0
3.490000,-0.0425679668638,-0.350514610032,0.775810783473,1.66283517407,-1.063048686,0.796136028913,-2.8616411598,100.0
3.495000,-0.0425679668638,-0.350514610032,0.775810783473,1.66283517407,-1.063048686,0.796136028913,-2.8616411598,100.0
3.500000,-0.0425679668638,-0.350514610032,0.775810783473,1.66283517407,-1.063048686,0.796136028913,-2.8616411598,100.0
3.505000,-0.0425679668638,-0.350514610032,0.775810783473,1.66283517407,-1.063048686,0.796136028913,-2.8616411598,100.0
3.510000,-0.0425679668638,-0.352432086017,0.77619427867,1.66398565966,-1.0638156764,0.796903019306,-2.8616411598,100.0
3.515000,-0.0410339860759,-0.360101989956,0.779645735443,1.66858760202,-1.06266519081,0.801121466473,-2.8616411598,100.0
3.520000,-0.0410339860759,-0.360101989956,0.779645735443,1.66858760202,-1.06266519081,0.801121466473,-2.8616411598,100.0
3.525000,-0.0410339860759,-0.360101989956,0.779645735443,1.66858760202,-1.06266519081,0.801121466473,-2.8616411598,100.0
3.530000,-0.0410339860759,-0.360101989956,0.779645735443,1.66858760202,-1.06266519081,0.801121466473,-2.8616411598,100.0
3.535000,-0.0418009764699,-0.363553446729,0.780412725837,1.67050507801,-1.063048686,0.803038942458,-2.8616411598,100.0
3.540000,-0.0410339860759,-0.369305874683,0.782330201822,1.67357303958,-1.06266519081,0.808407875216,-2.8616411598,100.0
3.545000,-0.0425679668638,-0.371223350668,0.782330201822,1.67472352517,-1.06228169561,0.808791370413,-2.8616411598,100.0
3.550000,-0.0425679668638,-0.371223350668,0.782330201822,1.67472352517,-1.06228169561,0.808791370413,-2.8616411598,100.0
3.555000,-0.0425679668638,-0.371223350668,0.782330201822,1.67472352517,-1.06228169561,0.808791370413,-2.8616411598,100.0
3.560000,-0.0425679668638,-0.371223350668,0.782330201822,1.67472352517,-1.06228169561,0.808791370413,-2.8616411598,100.0
3.565000,-0.0425679668638,-0.371223350668,0.782330201822,1.67472352517,-1.06228169561,0.808791370413,-2.8616411598,100.0
3.570000,-0.0425679668638,-0.371223350668,0.782330201822,1.67472352517,-1.06228169561,0.808791370413,-2.8616411598,100.0
3.575000,-0.0425679668638,-0.371223350668,0.782330201822,1.67472352517,-1.06228169561,0.808791370413,-2.8616411598,100.0
3.580000,-0.0414174812729,-0.383495196971,0.786165153791,1.68239342911,-1.06266519081,0.81799525514,-2.86279164539,100.0
3.585000,-0.0414174812729,-0.38617966335,0.7850146682,1.68316041951,-1.06189820041,0.819529235928,-2.86240815019,100.0
3.590000,-0.0414174812729,-0.38617966335,0.7850146682,1.68316041951,-1.06189820041,0.819529235928,-2.86240815019,100.0
3.595000,-0.0414174812729,-0.38617966335,0.7850146682,1.68316041951,-1.06189820041,0.819529235928,-2.86240815019,100.0
3.600000,-0.040650490879,-0.391548596108,0.787699134579,1.68661187628,-1.06113121002,0.824898168685,-2.862024655,100.0
3.605000,-0.0410339860759,-0.393466072093,0.788082629776,1.68814585707,-1.06113121002,0.826048654276,-2.86279164539,100.0
3.610000,-0.0410339860759,-0.393466072093,0.788082629776,1.68814585707,-1.06113121002,0.826048654276,-2.86279164539,100.0
3.615000,-0.0410339860759,-0.393466072093,0.788082629776,1.68814585707,-1.06113121002,0.826048654276,-2.86279164539,100.0
3.620000,-0.0410339860759,-0.393466072093,0.788082629776,1.68814585707,-1.06113121002,0.826048654276,-2.86279164539,100.0
3.625000,-0.0410339860759,-0.393466072093,0.788082629776,1.68814585707,-1.06113121002,0.826048654276,-2.86279164539,100.0
3.630000,-0.0418009764699,-0.401902966426,0.790000105761,1.69159731384,-1.06036421963,0.83065059664,-2.8612576646,100.0
3.635000,-0.0414174812729,-0.40650490879,0.791150591352,1.69543226581,-1.05959722923,0.832951567822,-2.86240815019,100.0
3.640000,-0.0414174812729,-0.40650490879,0.791150591352,1.69543226581,-1.05959722923,0.832951567822,-2.86240815019,100.0
3.645000,-0.0437184524547,-0.421461221472,0.791917581746,1.70348566495,-1.06074771482,0.825665159079,-2.8616411598,100.0
3.650000,-0.0429514620608,-0.420694231078,0.791917581746,1.70310216975,-1.06074771482,0.825281663882,-2.86240815019,100.0
3.655000,-0.0429514620608,-0.420694231078,0.791917581746,1.70310216975,-1.06074771482,0.825281663882,-2.86240815019,100.0
3.660000,-0.0437184524547,-0.421844716668,0.791917581746,1.70386916014,-1.06074771482,0.824514673488,-2.8612576646,100.0
3.665000,-0.0437184524547,-0.422611707062,0.791150591352,1.70463615054,-1.06036421963,0.823747683094,-2.8616411598,100.0
3.670000,-0.0441019476517,-0.422995202259,0.791534086549,1.70386916014,-1.06036421963,0.822597197504,-2.8616411598,100.0
3.675000,-0.0441019476517,-0.422995202259,0.791534086549,1.70386916014,-1.06036421963,0.822597197504,-2.8616411598,100.0
3.680000,-0.0441019476517,-0.422995202259,0.791534086549,1.70386916014,-1.06036421963,0.822597197504,-2.8616411598,100.0
3.685000,-0.0441019476517,-0.422995202259,0.791534086549,1.70386916014,-1.06036421963,0.822597197504,-2.8616411598,100.0
3.690000,-0.0441019476517,-0.422995202259,0.791534086549,1.70386916014,-1.06036421963,0.822597197504,-2.8616411598,100.0
3.695000,-0.0444854428487,-0.422995202259,0.791150591352,1.70463615054,-1.06074771482,0.821063216716,-2.862024655,100.0
3.700000,-0.0448689380456,-0.422995202259,0.790383600958,1.70655362652,-1.06074771482,0.819145740731,-2.862024655,100.0
3.705000,-0.0448689380456,-0.422995202259,0.790383600958,1.70655362652,-1.06074771482,0.819145740731,-2.862024655,100.0
3.710000,-0.0448689380456,-0.422995202259,0.790383600958,1.70655362652,-1.06074771482,0.819145740731,-2.862024655,100.0
